47 0.031126 0.062831 0.061756 0.125661
93 0.106275 0.066634 0.109871 0.133267
78 0.180432 0.092097 0.087550 0.123347
117 0.249876 0.108631 0.064236 0.106151
117 0.307292 0.092262 0.075893 0.158069
47 0.371900 0.118552 0.064236 0.122685
305 0.429439 0.131118 0.064236 0.126653
305 0.484127 0.140873 0.055556 0.117725
355 0.534970 0.146825 0.054563 0.113757
355 0.577877 0.156581 0.049603 0.116071
50 0.618924 0.157573 0.049355 0.088294
50 0.669643 0.174107 0.056548 0.100198
108 0.717634 0.193783 0.047371 0.087963
14 0.782986 0.190642 0.049603 0.104828
14 0.817212 0.203538 0.046627 0.096892
328 0.849454 0.209325 0.040675 0.087963
214 0.936260 0.232804 0.042163 0.085317
214 0.962674 0.234623 0.039435 0.083664
355 0.966642 0.329530 0.034970 0.059193
355 0.940104 0.326554 0.035962 0.064484
355 0.905134 0.320602 0.040427 0.067130
355 0.873760 0.316799 0.040179 0.066138
260 0.840650 0.313823 0.036458 0.066138
260 0.803571 0.308036 0.039683 0.067130
260 0.753720 0.305060 0.039187 0.069114
261 0.721354 0.302083 0.037946 0.070437
61 0.693080 0.296131 0.042907 0.075728
61 0.663814 0.291336 0.037946 0.077381
61 0.629588 0.289352 0.040427 0.072090
61 0.591642 0.285549 0.044395 0.077712
61 0.551463 0.279597 0.042907 0.081019
201 0.512525 0.272817 0.044395 0.081349
201 0.470486 0.269841 0.045139 0.081349
201 0.425595 0.267030 0.046627 0.081019
201 0.382564 0.263062 0.046379 0.081019
201 0.338666 0.258102 0.049355 0.081019
315 0.279018 0.250331 0.061508 0.093915
315 0.225446 0.242560 0.055556 0.094246
61 0.170759 0.239583 0.060268 0.088294
61 0.109127 0.229828 0.075893 0.097222
61 0.038938 0.221065 0.077877 0.106151
75 0.068204 0.381118 0.099702 0.126653
75 0.147321 0.384094 0.080853 0.123347
194 0.229167 0.388062 0.075893 0.120701
194 0.298611 0.390046 0.071925 0.113426
277 0.371900 0.394015 0.072173 0.113426
277 0.436260 0.394015 0.071925 0.113426
218 0.501736 0.394015 0.068452 0.113426
218 0.556424 0.397817 0.053819 0.105159
218 0.603299 0.398644 0.044395 0.102844
164 0.647197 0.400628 0.051835 0.100198
164 0.692212 0.401620 0.049603 0.100198
145 0.737971 0.401786 0.047371 0.097222
145 0.776166 0.403770 0.043403 0.094577
148 0.811260 0.408565 0.041171 0.083003
148 0.839658 0.411541 0.037946 0.079696
14 0.867063 0.413525 0.042659 0.075728
14 0.901042 0.414517 0.042163 0.075728
328 0.938244 0.414517 0.040179 0.073743
342 0.937252 0.509259 0.043651 0.082672
23 0.788938 0.514054 0.049603 0.088294
162 0.744916 0.520833 0.053819 0.087963
162 0.699033 0.522817 0.051835 0.087963
355 0.591642 0.526786 0.067212 0.097222
197 0.416791 0.532573 0.067212 0.106151
197 0.348462 0.532573 0.080357 0.108796
130 0.272197 0.530589 0.082093 0.127976
130 0.187252 0.535549 0.104167 0.141204
130 0.099454 0.537533 0.104167 0.151124
34 0.106275 0.707341 0.114335 0.146164
34 0.200893 0.695602 0.092758 0.138558
34 0.282986 0.682044 0.083829 0.138558
29 0.357143 0.682044 0.076885 0.124669
29 0.422619 0.674272 0.069444 0.117725
29 0.484251 0.668320 0.064236 0.113095
29 0.541791 0.655589 0.060268 0.107474
181 0.595486 0.647817 0.060020 0.108466
181 0.645337 0.643022 0.056548 0.100198
181 0.692088 0.637070 0.051835 0.096892
97 0.755580 0.629299 0.051835 0.097222
97 0.794767 0.625331 0.047371 0.090608
97 0.831721 0.622354 0.047371 0.090608
191 0.870908 0.622354 0.047371 0.082672
191 0.905010 0.617560 0.045139 0.079696
191 0.932416 0.614583 0.040427 0.075728
342 0.966518 0.510251 0.041171 0.082672
342 0.902034 0.511078 0.045139 0.085648
23 0.864955 0.511078 0.047371 0.088294
23 0.823909 0.514054 0.045139 0.085648
162 0.655134 0.520833 0.055804 0.097222
355 0.541791 0.525628 0.060268 0.102183
197 0.484251 0.532573 0.064236 0.106151
218 0.351314 0.849041 0.072173 0.153108
218 0.281002 0.849041 0.080357 0.147817
218 0.203869 0.879299 0.092262 0.169974
205 0.420635 0.828373 0.068452 0.160053
205 0.484127 0.811839 0.066468 0.152778
205 0.538814 0.804067 0.060268 0.153108
205 0.591518 0.791501 0.061508 0.145172
355 0.884425 0.220569 0.034722 0.082672
355 0.906498 0.226025 0.039683 0.081680
218 0.112723 0.903108 0.113343 0.186508
85 0.641741 0.770007 0.053819 0.094907
85 0.679936 0.750827 0.076637 0.090939
85 0.710193 0.738922 0.079117 0.070437
7 0.813864 0.717097 0.055804 0.074405
7 0.845238 0.700397 0.064484 0.062169
221 0.895461 0.695106 0.060764 0.054894
221 0.925471 0.688161 0.060764 0.041005
8 0.970238 0.701058 0.057044 0.051587
15 0.980159 0.674107 0.039683 0.032077
