11 0.883681 0.073082 0.097718 0.125661
143 0.782118 0.052579 0.131696 0.097884
143 0.782118 0.119048 0.132688 0.080026
333 0.681548 0.115079 0.078373 0.099868
52 0.479291 0.166832 0.061756 0.070437
52 0.428571 0.171792 0.054563 0.066468
280 0.343626 0.187335 0.049355 0.069114
280 0.307416 0.191303 0.036954 0.064484
188 0.269345 0.199074 0.036706 0.062169
307 0.240079 0.202050 0.036706 0.068783
239 0.152282 0.214616 0.039187 0.066799
239 0.114087 0.218585 0.036706 0.064153
265 0.130828 0.299603 0.035466 0.048280
204 0.163938 0.295800 0.032242 0.047950
204 0.183532 0.293816 0.033730 0.047950
284 0.216642 0.291832 0.031994 0.047950
284 0.241195 0.287864 0.029514 0.047950
284 0.268353 0.285053 0.031746 0.047619
204 0.297743 0.284061 0.033978 0.049603
204 0.347594 0.281085 0.045883 0.052910
73 0.403150 0.274306 0.045883 0.053241
73 0.482267 0.267526 0.036458 0.060185
217 0.520461 0.260582 0.045883 0.069444
217 0.568328 0.258598 0.049355 0.070767
212 0.793775 0.348545 0.099950 0.070106
212 0.873884 0.350364 0.069692 0.066468
345 0.720610 0.352348 0.050843 0.056548
345 0.677703 0.352348 0.045883 0.056548
345 0.640501 0.352348 0.042907 0.056548
345 0.600446 0.352348 0.039187 0.056548
345 0.556548 0.352348 0.043155 0.051257
345 0.520461 0.352348 0.031994 0.051257
92 0.484251 0.355324 0.034474 0.047950
92 0.451141 0.355324 0.034226 0.047950
92 0.412946 0.353340 0.036210 0.047950
92 0.374876 0.355324 0.029514 0.040675
92 0.347594 0.352348 0.036458 0.045304
243 0.155010 0.419478 0.047123 0.038029
243 0.156622 0.449074 0.043899 0.030423
82 0.196429 0.452546 0.021329 0.034722
82 0.194568 0.415675 0.013641 0.036376
82 0.214038 0.416336 0.028770 0.040344
82 0.237227 0.416336 0.023562 0.040344
82 0.229787 0.456349 0.025546 0.034392
82 0.211930 0.453869 0.013641 0.034722
236 0.263889 0.411210 0.029762 0.046627
355 0.291543 0.414352 0.028522 0.048280
236 0.320312 0.414848 0.032986 0.051257
236 0.354539 0.416997 0.039435 0.052249
236 0.355035 0.465608 0.031498 0.050926
236 0.321553 0.463294 0.031002 0.050926
236 0.289311 0.459656 0.031002 0.050926
236 0.262525 0.456349 0.027034 0.046296
207 0.396081 0.426091 0.047619 0.056548
207 0.439980 0.423280 0.046131 0.052249
207 0.480283 0.425430 0.048363 0.056548
207 0.476811 0.479497 0.054315 0.060847
207 0.433284 0.474702 0.041667 0.057870
207 0.395089 0.474372 0.034722 0.043981
250 0.521081 0.484788 0.016865 0.052249
250 0.550719 0.488591 0.033978 0.055225
250 0.592510 0.492890 0.053075 0.065807
250 0.623388 0.495370 0.013145 0.053571
250 0.644841 0.491237 0.028274 0.061839
233 0.871032 0.458829 0.091766 0.079696
233 0.794395 0.452381 0.064484 0.073413
233 0.740327 0.448578 0.057540 0.069775
233 0.695933 0.443287 0.044147 0.069114
233 0.847718 0.522156 0.070437 0.072751
233 0.790179 0.516204 0.061012 0.068122
233 0.740327 0.511078 0.054067 0.062500
233 0.691964 0.503472 0.052579 0.064484
296 0.221850 0.541667 0.023562 0.034392
296 0.218998 0.506118 0.028770 0.043981
296 0.200149 0.537202 0.024802 0.034061
296 0.196801 0.501819 0.029514 0.041336
296 0.172495 0.499504 0.029514 0.041336
296 0.152282 0.494378 0.024802 0.041005
296 0.157986 0.528274 0.022321 0.032738
296 0.178571 0.533234 0.024802 0.032077
109 0.333705 0.522817 0.030506 0.045635
109 0.333333 0.563988 0.031746 0.044643
109 0.302951 0.518519 0.036458 0.044974
109 0.302827 0.558201 0.033730 0.042328
109 0.272817 0.553902 0.028770 0.036376
109 0.269717 0.515212 0.036458 0.042328
109 0.250124 0.546627 0.021081 0.037698
38 0.365575 0.551257 0.024802 0.082011
38 0.387649 0.560185 0.025298 0.076058
38 0.410218 0.563161 0.029266 0.080688
38 0.436136 0.568618 0.030506 0.080357
38 0.460069 0.573247 0.023313 0.081019
3 0.502480 0.586806 0.051091 0.075066
3 0.562128 0.604663 0.060764 0.077050
3 0.630704 0.617560 0.066964 0.083664
39 0.690352 0.624835 0.040427 0.098214
21 0.727927 0.628803 0.049107 0.105489
21 0.772693 0.642030 0.063740 0.102183
21 0.825025 0.651455 0.060268 0.112434
96 0.794767 0.818122 0.070685 0.068783
96 0.737475 0.799107 0.055308 0.065807
96 0.741815 0.748512 0.063988 0.068452
96 0.805060 0.760417 0.074405 0.091601
113 0.676587 0.759094 0.045635 0.047950
355 0.676463 0.790344 0.044891 0.039021
355 0.678695 0.715939 0.041419 0.063492
355 0.631944 0.742229 0.047123 0.048611
355 0.628596 0.773479 0.043403 0.039021
349 0.453249 0.704365 0.033978 0.053571
349 0.453373 0.657242 0.033234 0.060516
349 0.423239 0.645007 0.039931 0.056548
349 0.420387 0.690642 0.034226 0.051257
349 0.492932 0.670635 0.046379 0.053571
349 0.491319 0.716931 0.038194 0.056878
271 0.535838 0.686177 0.049355 0.069444
271 0.578621 0.700728 0.050595 0.069444
271 0.578621 0.749339 0.050595 0.053571
271 0.531746 0.733135 0.043651 0.054233
152 0.385169 0.680886 0.027778 0.042328
152 0.384797 0.639550 0.029018 0.051587
152 0.360863 0.634755 0.036706 0.046627
152 0.356895 0.671296 0.029266 0.044974
86 0.323537 0.659557 0.034970 0.046627
86 0.323165 0.622024 0.035714 0.054233
86 0.294643 0.611772 0.039683 0.050265
86 0.292783 0.649636 0.034970 0.043981
86 0.260417 0.639716 0.037202 0.044643
86 0.260169 0.606151 0.034226 0.039021
329 0.227183 0.614087 0.027282 0.061508
329 0.204737 0.607970 0.035466 0.067130
329 0.180060 0.599206 0.042163 0.067460
246 0.243924 0.708333 0.032490 0.046958
246 0.244048 0.743386 0.022321 0.031085
349 0.219494 0.732970 0.024306 0.034722
246 0.218626 0.700728 0.037450 0.044312
246 0.285590 0.726687 0.049355 0.048611
246 0.285714 0.762897 0.028770 0.037698
246 0.310888 0.764550 0.026042 0.050265
246 0.324405 0.724702 0.029266 0.044643
132 0.397569 0.768353 0.041171 0.064484
132 0.397445 0.807870 0.040923 0.044974
132 0.361979 0.756779 0.046875 0.053241
132 0.358631 0.792493 0.041171 0.048611
208 0.479911 0.793981 0.037698 0.058862
208 0.441964 0.781415 0.043155 0.044974
208 0.440600 0.826885 0.037946 0.043981
208 0.478423 0.835317 0.036706 0.036376
235 0.528522 0.856812 0.059524 0.090608
235 0.579861 0.871362 0.058532 0.116402
33 0.648438 0.908234 0.073165 0.104828
33 0.718998 0.940311 0.079365 0.113426
188 0.190972 0.220569 0.020337 0.061508
188 0.210689 0.214286 0.022073 0.065476
0 0.310392 0.354828 0.025050 0.051587
0 0.287574 0.354332 0.019593 0.050595
62 0.191840 0.709987 0.027034 0.069444
62 0.166791 0.693122 0.025050 0.072090
