324 0.139385 0.080688 0.067460 0.108466
142 0.206845 0.078704 0.061508 0.111111
178 0.461806 0.067791 0.054563 0.135582
182 0.522321 0.067791 0.057540 0.135582
146 0.579613 0.082341 0.052083 0.099868
106 0.634425 0.079034 0.053571 0.110450
198 0.013393 0.564153 0.026786 0.109788
25 0.064236 0.564153 0.083829 0.108466
126 0.145089 0.569775 0.083829 0.091931
71 0.227431 0.567130 0.077877 0.089286
16 0.309276 0.564153 0.077877 0.088624
314 0.388393 0.564153 0.077381 0.088624
19 0.467510 0.562169 0.072917 0.088624
344 0.547619 0.559524 0.083333 0.095238
200 0.627728 0.555556 0.084821 0.095238
196 0.748760 0.554233 0.052083 0.088624
249 0.799603 0.553571 0.051587 0.088624
165 0.851438 0.552249 0.048115 0.088624
225 0.901042 0.551587 0.052083 0.088624
103 0.948165 0.551587 0.048115 0.088624
137 0.985119 0.550265 0.029762 0.083333
347 0.066220 0.711640 0.087798 0.157407
347 0.137401 0.707672 0.077381 0.150794
127 0.208581 0.711640 0.083829 0.145503
64 0.287946 0.711640 0.092758 0.141534
31 0.386409 0.709656 0.094246 0.146825
100 0.476190 0.706680 0.064484 0.139550
100 0.534970 0.702712 0.065972 0.139550
347 0.596478 0.700728 0.067956 0.139550
272 0.653026 0.697751 0.067956 0.133598
272 0.707837 0.696759 0.068452 0.140873
153 0.763393 0.697090 0.059524 0.136243
171 0.817956 0.693122 0.068452 0.133598
304 0.877728 0.693122 0.067956 0.129630
144 0.939236 0.690146 0.077877 0.128968
100 0.910714 0.862103 0.080357 0.160714
100 0.841518 0.862765 0.078869 0.155423
63 0.776290 0.868056 0.056548 0.160714
63 0.722222 0.867725 0.056548 0.161376
171 0.671627 0.875661 0.056548 0.165344
171 0.615079 0.879630 0.056548 0.161376
171 0.558532 0.885582 0.060516 0.161376
171 0.497024 0.879630 0.056548 0.158730
340 0.443204 0.882606 0.058036 0.164683
347 0.386409 0.887235 0.063492 0.164683
219 0.331845 0.885582 0.057540 0.171958
219 0.274058 0.890212 0.070933 0.169312
151 0.206597 0.900132 0.067956 0.178571
151 0.141369 0.904101 0.072421 0.183862
99 0.068204 0.900132 0.083829 0.177249
222 0.281002 0.076058 0.067956 0.117725
206 0.341518 0.079034 0.062996 0.110450
65 0.396329 0.077712 0.065476 0.122354
111 0.732143 0.092593 0.045635 0.088624
177 0.702381 0.402778 0.048611 0.099206
337 0.751984 0.401786 0.045635 0.097222
352 0.804563 0.401786 0.046627 0.097222
334 0.852927 0.401786 0.046131 0.095899
337 0.903522 0.401786 0.050099 0.095899
98 0.955853 0.401124 0.052579 0.093254
87 0.454117 0.411045 0.046131 0.087963
87 0.504712 0.410053 0.046131 0.089947
87 0.554812 0.410053 0.046131 0.088624
37 0.600942 0.409392 0.044147 0.088624
37 0.644841 0.409392 0.045635 0.088624
89 0.393601 0.423611 0.059028 0.066799
89 0.334077 0.423611 0.059028 0.068122
184 0.185516 0.409392 0.051587 0.100529
184 0.233383 0.410053 0.052083 0.097884
184 0.280754 0.409392 0.050595 0.099206
215 0.119544 0.409061 0.080357 0.102513
320 0.041171 0.420635 0.081349 0.083333
292 0.683780 0.099206 0.041171 0.076720
292 0.686756 0.032407 0.035218 0.064815
238 0.729663 0.275132 0.075397 0.044974
238 0.729663 0.224537 0.078373 0.056217
238 0.809772 0.226190 0.076885 0.062169
238 0.804812 0.277116 0.074901 0.042328
238 0.881696 0.276786 0.076885 0.042989
238 0.883433 0.226190 0.075397 0.060847
147 0.958581 0.231812 0.075893 0.056217
147 0.958333 0.278439 0.076389 0.039683
173 0.061508 0.273810 0.098214 0.051587
173 0.062748 0.215608 0.100694 0.068783
173 0.161954 0.215278 0.097718 0.068122
173 0.161210 0.274802 0.096230 0.050926
46 0.261161 0.274140 0.093750 0.050926
46 0.261905 0.222884 0.093254 0.054233
174 0.360119 0.218254 0.090278 0.064815
174 0.361359 0.275132 0.090774 0.050265
309 0.458581 0.273479 0.090774 0.050926
309 0.458085 0.217923 0.089782 0.066799
27 0.552083 0.223214 0.088294 0.064153
189 0.552083 0.276455 0.085317 0.044974
189 0.639137 0.276124 0.091766 0.045635
27 0.641121 0.223876 0.085813 0.058862
174 0.645585 0.185185 0.077877 0.021164
