265 0.027250 0.249833 0.054000 0.069667
284 0.076125 0.246000 0.057250 0.066667
284 0.133625 0.243000 0.061750 0.062000
217 0.189375 0.240000 0.045750 0.056667
217 0.223500 0.232167 0.042500 0.064333
239 0.255750 0.214667 0.039500 0.083333
239 0.293750 0.208833 0.039500 0.088333
239 0.329000 0.206000 0.043000 0.092000
307 0.414875 0.206000 0.040750 0.069333
307 0.450125 0.204833 0.036750 0.067000
280 0.484250 0.193167 0.037000 0.083000
280 0.520375 0.190333 0.039250 0.083333
280 0.559375 0.187333 0.042750 0.083333
244 0.613250 0.189333 0.066500 0.076000
52 0.690375 0.187333 0.069750 0.066667
52 0.756750 0.179500 0.066500 0.069000
333 0.841625 0.159000 0.073750 0.100000
143 0.934500 0.105167 0.122500 0.073667
143 0.938375 0.172667 0.122250 0.062000
333 0.758625 0.127833 0.051750 0.053000
244 0.613250 0.130833 0.060500 0.037667
333 0.763500 0.130667 0.060500 0.056667
233 0.949125 0.501833 0.061250 0.070333
233 0.984250 0.501833 0.028500 0.069000
233 0.894375 0.502833 0.076250 0.066333
250 0.820125 0.499833 0.064750 0.060333
250 0.742125 0.499833 0.051750 0.064333
207 0.693250 0.510667 0.053500 0.057333
207 0.638625 0.512500 0.050750 0.060333
236 0.573125 0.513500 0.057250 0.061667
236 0.516375 0.513500 0.050750 0.059667
12 0.461750 0.520333 0.053500 0.054000
12 0.412000 0.522333 0.049500 0.050667
82 0.364125 0.524333 0.051750 0.046667
82 0.321125 0.526333 0.060250 0.048000
82 0.286875 0.526333 0.051750 0.048000
82 0.362250 0.476500 0.043500 0.055000
82 0.319250 0.480333 0.043500 0.049333
82 0.287000 0.483167 0.037000 0.041000
66 0.227375 0.528167 0.076750 0.051667
243 0.145375 0.529167 0.083750 0.051667
243 0.137625 0.486167 0.097750 0.051000
73 0.080625 0.407333 0.035750 0.059333
73 0.109375 0.404500 0.052750 0.060333
204 0.152500 0.402167 0.046000 0.062333
204 0.192750 0.399333 0.056000 0.062667
264 0.242125 0.395333 0.049250 0.066000
38 0.689625 0.630333 0.038250 0.094667
38 0.724250 0.633500 0.038000 0.087000
38 0.760375 0.629667 0.041250 0.095333
21 0.799000 0.629167 0.041500 0.097000
21 0.839750 0.631167 0.050000 0.093667
290 0.886375 0.630833 0.050250 0.093667
21 0.915375 0.628333 0.042750 0.098667
21 0.959000 0.627333 0.054000 0.100667
296 0.594125 0.647333 0.049250 0.046667
296 0.644125 0.647333 0.052750 0.046667
152 0.383125 0.598167 0.050750 0.054333
152 0.431375 0.598167 0.051750 0.053667
152 0.384750 0.647667 0.047000 0.047333
152 0.430875 0.647667 0.052250 0.047333
345 0.312000 0.653167 0.039000 0.026333
345 0.278375 0.654000 0.035750 0.028667
212 0.243250 0.653833 0.034000 0.028333
212 0.210750 0.653667 0.036000 0.028000
92 0.177875 0.657833 0.038750 0.036333
92 0.150125 0.652500 0.031250 0.025667
92 0.126875 0.652500 0.032250 0.025667
329 0.165375 0.736167 0.052250 0.084333
329 0.215625 0.739667 0.058750 0.091333
86 0.270625 0.760333 0.059250 0.050000
86 0.323625 0.761000 0.061750 0.051333
86 0.380125 0.762167 0.057250 0.053000
86 0.435375 0.762833 0.060250 0.055000
349 0.493250 0.750167 0.044000 0.051000
349 0.535750 0.765833 0.047000 0.055000
349 0.582625 0.766167 0.048250 0.056333
132 0.639125 0.764667 0.060250 0.047333
132 0.696625 0.764833 0.057750 0.047667
271 0.754250 0.763667 0.053000 0.068667
271 0.794375 0.718000 0.063250 0.046000
271 0.804625 0.760667 0.053750 0.056000
96 0.865750 0.767667 0.070000 0.066000
96 0.922875 0.769000 0.072250 0.065333
208 0.654250 0.872000 0.055500 0.048667
235 0.712500 0.899333 0.069500 0.092667
235 0.772000 0.899333 0.068500 0.098000
33 0.855625 0.905000 0.079750 0.094000
33 0.926625 0.907167 0.089250 0.098333
246 0.480250 0.858000 0.059000 0.063333
246 0.481750 0.907833 0.056500 0.047000
246 0.536500 0.889833 0.056500 0.067000
246 0.588625 0.862500 0.053750 0.061667
84 0.399750 0.899333 0.108000 0.066000
338 0.289375 0.836833 0.103750 0.052333
338 0.282125 0.886167 0.091750 0.063000
62 0.192375 0.838000 0.063750 0.101333
