355 0.034000 0.205750 0.046667 0.090500
355 0.059500 0.203875 0.047000 0.090750
29 0.095667 0.199875 0.058000 0.095250
29 0.134667 0.195000 0.062667 0.099500
29 0.175667 0.183375 0.060667 0.102750
130 0.218667 0.172625 0.072000 0.115750
130 0.274333 0.165750 0.077333 0.126000
130 0.331000 0.150125 0.094000 0.130750
75 0.498000 0.131500 0.078667 0.123500
75 0.591667 0.113875 0.110667 0.130750
261 0.892500 0.301375 0.132333 0.130750
261 0.806667 0.313125 0.104667 0.102750
355 0.712833 0.305375 0.099667 0.115750
355 0.628833 0.306375 0.093667 0.107250
117 0.557500 0.306375 0.083000 0.102250
117 0.494167 0.309250 0.078333 0.096500
305 0.434500 0.311250 0.073667 0.092500
305 0.384833 0.313125 0.071000 0.090750
240 0.336833 0.313250 0.063000 0.080500
240 0.298833 0.313125 0.055667 0.079750
50 0.260667 0.309375 0.058000 0.083750
50 0.216833 0.306375 0.063667 0.083750
330 0.153333 0.316125 0.053333 0.069750
53 0.078000 0.312250 0.046667 0.074000
53 0.048833 0.314125 0.040333 0.071750
34 0.069333 0.407875 0.049333 0.087250
34 0.110333 0.412750 0.052667 0.087500
34 0.140500 0.415750 0.058333 0.087500
145 0.185500 0.428375 0.049000 0.083750
145 0.212000 0.430375 0.046667 0.083750
145 0.269500 0.440125 0.058333 0.090750
164 0.319333 0.445000 0.062667 0.092500
164 0.371000 0.451875 0.070667 0.099750
164 0.419833 0.454750 0.070333 0.096500
22 0.468667 0.440125 0.062667 0.087750
22 0.525333 0.444000 0.070667 0.088000
61 0.610333 0.452875 0.062667 0.087750
61 0.654333 0.456750 0.079333 0.090500
201 0.724500 0.465500 0.087667 0.093000
201 0.806500 0.475250 0.090333 0.099500
315 0.899333 0.482125 0.089333 0.107250
108 0.501833 0.556375 0.093667 0.085250
108 0.581000 0.563125 0.108000 0.090750
214 0.679500 0.700875 0.078333 0.103250
214 0.615167 0.684250 0.075000 0.088000
181 0.439333 0.609125 0.092000 0.115750
181 0.360333 0.593500 0.073333 0.107500
181 0.317333 0.581750 0.076667 0.107500
97 0.276333 0.555375 0.053333 0.107250
187 0.177667 0.549500 0.068667 0.083500
187 0.144500 0.538750 0.055667 0.083500
342 0.103500 0.525125 0.063000 0.083750
218 0.071333 0.603375 0.046667 0.076250
218 0.100500 0.618875 0.053667 0.090750
218 0.132833 0.630500 0.063000 0.099500
23 0.171833 0.656875 0.059000 0.090750
23 0.213833 0.669625 0.063000 0.099750
23 0.258833 0.684250 0.065667 0.111000
205 0.310500 0.697000 0.070333 0.125000
35 0.425667 0.767250 0.070667 0.122000
35 0.483333 0.780000 0.088000 0.110000
7 0.545833 0.815125 0.122333 0.087750
315 0.617000 0.863000 0.112667 0.079000
7 0.665000 0.805375 0.148000 0.087250
85 0.738333 0.875625 0.164000 0.113750
186 0.885667 0.771125 0.088000 0.085250
186 0.822167 0.753625 0.080333 0.054250
186 0.824167 0.715500 0.079667 0.054000
186 0.880833 0.726250 0.076333 0.048500
268 0.884667 0.650125 0.086000 0.061750
268 0.892500 0.603250 0.076333 0.057000
205 0.361333 0.731875 0.074000 0.154750
268 0.820667 0.642750 0.074000 0.060500
117 0.850500 0.640375 0.015000 0.028750
15 0.719500 0.563000 0.092333 0.089500
15 0.777167 0.566000 0.131000 0.082500
330 0.192000 0.314625 0.039333 0.069250
194 0.709167 0.100125 0.061667 0.112750
194 0.796167 0.075000 0.119667 0.147500
194 0.915667 0.066125 0.130000 0.129750
