188 0.553571 0.346561 0.030754 0.050265
188 0.527282 0.345569 0.031250 0.054233
188 0.501736 0.347553 0.026290 0.050926
239 0.472594 0.347388 0.029514 0.053241
239 0.449157 0.346396 0.026290 0.053241
239 0.412946 0.347388 0.026290 0.053241
280 0.378720 0.348380 0.031250 0.053241
280 0.349454 0.352348 0.026290 0.047950
280 0.317212 0.350364 0.027282 0.047950
236 0.315352 0.499835 0.073165 0.045304
236 0.368056 0.500827 0.045635 0.047288
12 0.333829 0.539021 0.034226 0.041667
207 0.302579 0.539021 0.034226 0.041667
236 0.269345 0.534888 0.030258 0.037368
207 0.262525 0.497024 0.035466 0.041667
207 0.297743 0.496032 0.036458 0.043651
236 0.333829 0.499008 0.039683 0.044312
236 0.368056 0.539021 0.037202 0.041667
82 0.417783 0.536872 0.031994 0.042659
82 0.437376 0.539021 0.029514 0.043651
82 0.468626 0.539021 0.031994 0.043651
92 0.508681 0.540840 0.038194 0.047950
92 0.532986 0.542824 0.053571 0.042659
345 0.568204 0.542824 0.030754 0.047950
345 0.596478 0.542824 0.033730 0.049272
212 0.628720 0.542824 0.031250 0.050595
212 0.649306 0.544808 0.036210 0.047950
349 0.438368 0.638558 0.034970 0.039683
349 0.404142 0.630622 0.037450 0.041667
349 0.368056 0.628638 0.037202 0.035714
349 0.338666 0.628638 0.037450 0.035714
349 0.312376 0.625827 0.032986 0.036045
39 0.162822 0.610780 0.030010 0.056878
21 0.183904 0.607804 0.021081 0.056217
152 0.203373 0.608466 0.025794 0.057540
21 0.227679 0.604332 0.022817 0.059854
345 0.245908 0.605985 0.023065 0.058532
21 0.265625 0.619213 0.022321 0.057209
21 0.280258 0.620536 0.022321 0.057209
152 0.395585 0.718419 0.030754 0.040013
152 0.396081 0.752646 0.029266 0.033730
152 0.366939 0.743221 0.030506 0.043981
271 0.338542 0.736772 0.035714 0.047619
271 0.306176 0.734954 0.033978 0.042659
271 0.288442 0.721230 0.031746 0.041667
271 0.257564 0.719742 0.033482 0.041997
86 0.570809 0.755456 0.042411 0.046627
84 0.533730 0.705026 0.042163 0.044312
86 0.523438 0.762235 0.047371 0.049603
86 0.489087 0.740906 0.042659 0.047288
86 0.497892 0.693618 0.031498 0.028108
86 0.451513 0.695767 0.043403 0.041005
86 0.444816 0.736276 0.042907 0.049272
96 0.447545 0.828042 0.034970 0.050265
96 0.448289 0.870370 0.033482 0.048280
96 0.416915 0.865410 0.033234 0.040344
96 0.412698 0.827877 0.034722 0.049934
235 0.532118 0.875992 0.047371 0.082672
235 0.486855 0.871197 0.046131 0.073743
208 0.576265 0.875331 0.036954 0.054233
208 0.576141 0.832341 0.034722 0.043651
349 0.597966 0.885251 0.005952 0.036376
143 0.631448 0.882440 0.062500 0.056548
143 0.631696 0.917659 0.062500 0.038360
265 0.685516 0.916832 0.038690 0.060516
265 0.708085 0.898975 0.032242 0.058532
204 0.748512 0.917328 0.042163 0.062831
204 0.790427 0.934689 0.046131 0.064484
264 0.835317 0.941799 0.040179 0.057540
231 0.875000 0.949074 0.046627 0.064815
157 0.921627 0.956680 0.055060 0.064153
73 0.805804 0.793651 0.045139 0.048942
217 0.871900 0.809028 0.050843 0.053902
217 0.907986 0.808201 0.048115 0.054894
73 0.693328 0.784722 0.039435 0.052910
284 0.728919 0.774306 0.038194 0.054563
73 0.759053 0.767030 0.036458 0.050595
109 0.650546 0.767857 0.037202 0.050265
109 0.613715 0.765873 0.036954 0.050265
296 0.578001 0.648148 0.037450 0.044312
296 0.615947 0.653439 0.041419 0.050265
296 0.657490 0.660384 0.041667 0.056217
296 0.479663 0.645833 0.040675 0.044974
349 0.509797 0.645337 0.029018 0.044643
349 0.540303 0.639220 0.033482 0.032407
38 0.375248 0.433862 0.025298 0.060847
38 0.399058 0.433366 0.023810 0.062500
38 0.420139 0.433697 0.023313 0.061177
38 0.440352 0.433532 0.021081 0.062169
38 0.460689 0.432044 0.026042 0.064484
333 0.490823 0.436508 0.035714 0.055556
333 0.526166 0.436673 0.036458 0.055225
3 0.335441 0.437335 0.043403 0.053902
3 0.286954 0.437831 0.047619 0.052910
0 0.256944 0.444940 0.016865 0.038029
0 0.237475 0.444279 0.029514 0.038690
0 0.214782 0.444279 0.024802 0.038690
0 0.198909 0.444279 0.016865 0.038029
243 0.098710 0.417659 0.071429 0.033730
243 0.088418 0.448413 0.063740 0.032407
66 0.136657 0.448743 0.036706 0.030423
66 0.170139 0.448247 0.040179 0.030754
132 0.120908 0.705853 0.033978 0.041997
132 0.158854 0.708995 0.045387 0.043651
132 0.164683 0.673942 0.035218 0.037037
132 0.132316 0.671958 0.032986 0.033069
244 0.105035 0.620701 0.038442 0.025132
244 0.135293 0.622520 0.024554 0.022817
338 0.261781 0.833333 0.067708 0.054233
329 0.237971 0.784392 0.034474 0.053571
329 0.216766 0.774471 0.030754 0.042328
62 0.166915 0.784557 0.039683 0.071759
62 0.131448 0.782573 0.029762 0.076389
33 0.358507 0.843254 0.043403 0.080688
33 0.319568 0.834821 0.045387 0.081019
68 0.666171 0.338790 0.028274 0.063823
68 0.691468 0.340939 0.020833 0.058201
338 0.285714 0.773148 0.069940 0.027778
