130 0.095952 0.301294 0.095368 0.127172
130 0.180420 0.305545 0.104710 0.133457
30 0.269171 0.305545 0.095368 0.133457
194 0.358311 0.320148 0.082133 0.110166
194 0.433632 0.323105 0.080187 0.102773
61 0.503114 0.265250 0.065006 0.084658
61 0.560140 0.265250 0.066952 0.088355
201 0.625146 0.262477 0.066952 0.090943
201 0.690152 0.260998 0.066952 0.087985
201 0.756131 0.262477 0.072012 0.087985
260 0.823472 0.262477 0.075127 0.087985
260 0.896458 0.260813 0.075516 0.084658
315 0.879330 0.390943 0.082522 0.084658
315 0.806345 0.389464 0.075127 0.084658
261 0.712923 0.385028 0.070455 0.084658
261 0.649085 0.385028 0.067341 0.080222
218 0.361814 0.460074 0.095368 0.141590
75 0.467886 0.492052 0.080187 0.102773
75 0.546516 0.494824 0.080187 0.103142
164 0.627287 0.494824 0.086026 0.106100
50 0.714091 0.499076 0.086026 0.102773
108 0.780265 0.507763 0.057999 0.096488
108 0.847411 0.507948 0.093422 0.102773
342 0.638575 0.659335 0.076684 0.117190
342 0.547489 0.652126 0.095368 0.123475
181 0.456403 0.640665 0.095368 0.123475
181 0.369794 0.629020 0.080187 0.117190
218 0.286298 0.616081 0.095368 0.140850
218 0.198715 0.611830 0.095368 0.139741
218 0.123200 0.608872 0.095368 0.140481
205 0.198715 0.777819 0.084469 0.153050
205 0.123394 0.773567 0.082522 0.151941
7 0.284157 0.777819 0.075516 0.096118
7 0.342351 0.778004 0.076684 0.106100
85 0.449397 0.785028 0.079798 0.110536
85 0.515570 0.800924 0.072012 0.098706
35 0.608019 0.816821 0.077073 0.117190
15 0.678669 0.848614 0.067341 0.123105
15 0.742507 0.848614 0.072791 0.137893
117 0.814519 0.854344 0.086026 0.139741
214 0.509926 0.138078 0.075516 0.098706
214 0.444920 0.135305 0.066952 0.091682
53 0.369599 0.132348 0.095368 0.110166
53 0.275010 0.133826 0.100039 0.116821
29 0.190541 0.129575 0.084469 0.117190
29 0.102764 0.129575 0.088750 0.117190
305 0.502919 0.379298 0.071623 0.102773
78 0.578241 0.380776 0.076684 0.096118
34 0.123978 0.461183 0.089918 0.129020
34 0.207084 0.464880 0.087972 0.129760
187 0.731997 0.669501 0.104710 0.116821
191 0.823861 0.678558 0.121059 0.117190
