47 0.042708 0.502734 0.085417 0.075781
305 0.115104 0.498047 0.096875 0.072656
305 0.182292 0.498047 0.091667 0.072656
75 0.259375 0.492969 0.091667 0.078125
75 0.338542 0.491016 0.085417 0.077344
194 0.415625 0.487891 0.085417 0.074219
194 0.481771 0.486328 0.078125 0.072656
194 0.543750 0.484375 0.072917 0.070312
121 0.611979 0.470313 0.086458 0.087500
121 0.688021 0.467578 0.086458 0.088281
191 0.762500 0.471484 0.085417 0.077344
191 0.825000 0.471484 0.085417 0.077344
191 0.887500 0.469531 0.095833 0.073438
187 0.740104 0.346484 0.115625 0.083594
108 0.585938 0.353516 0.078125 0.072656
108 0.520312 0.353125 0.078125 0.075000
328 0.241146 0.610938 0.078125 0.075000
148 0.305208 0.607422 0.072917 0.072656
14 0.366146 0.604297 0.078125 0.067969
223 0.432292 0.595703 0.081250 0.072656
223 0.503646 0.592578 0.078125 0.067969
330 0.579688 0.587891 0.086458 0.072656
330 0.644271 0.587891 0.078125 0.060156
50 0.705729 0.576953 0.065625 0.066406
50 0.754687 0.573047 0.065625 0.066406
30 0.816146 0.567187 0.078125 0.075000
30 0.877604 0.562109 0.069792 0.072656
53 0.736979 0.772266 0.073958 0.082031
53 0.675521 0.776172 0.086458 0.083594
197 0.596354 0.780078 0.090625 0.086719
197 0.533854 0.790625 0.086458 0.082812
218 0.457813 0.797656 0.086458 0.106250
218 0.381250 0.804688 0.100000 0.106250
205 0.294792 0.802344 0.091667 0.098437
205 0.211458 0.818359 0.114583 0.114844
181 0.101042 0.721484 0.100000 0.082031
181 0.182292 0.714844 0.095833 0.082812
181 0.273958 0.707812 0.095833 0.081250
342 0.350521 0.704688 0.086458 0.082812
342 0.424479 0.693359 0.082292 0.086719
29 0.500521 0.667578 0.084375 0.072656
29 0.563021 0.667969 0.065625 0.071875
130 0.644271 0.670703 0.090625 0.082031
130 0.705729 0.668750 0.078125 0.081250
162 0.768229 0.664844 0.073958 0.065625
162 0.830729 0.660937 0.073958 0.065625
187 0.648438 0.349219 0.096875 0.084375
23 0.830208 0.342969 0.085417 0.087500
23 0.899479 0.343750 0.082292 0.084375
23 0.961979 0.344141 0.076042 0.083594
34 0.804167 0.760938 0.083333 0.084375
186 0.851042 0.712109 0.062500 0.019531
34 0.865625 0.753125 0.077083 0.082812
117 0.037500 0.625391 0.070833 0.069531
117 0.098437 0.621484 0.082292 0.069531
78 0.166146 0.617188 0.076042 0.068750
