53 0.300781 0.456250 0.057813 0.091667
53 0.347656 0.459375 0.057813 0.086806
53 0.395573 0.456250 0.057813 0.091667
53 0.444271 0.458333 0.058333 0.087500
53 0.492969 0.456250 0.057813 0.087500
47 0.537240 0.454514 0.036979 0.074306
121 0.495312 0.550000 0.054167 0.091667
121 0.450000 0.558681 0.054167 0.097917
30 0.402344 0.559028 0.059896 0.102778
30 0.355469 0.560764 0.056771 0.103472
130 0.302865 0.560764 0.059896 0.099306
130 0.257812 0.560764 0.061458 0.106250
29 0.203125 0.564931 0.061458 0.097917
29 0.123177 0.562847 0.065104 0.097917
181 0.115365 0.676042 0.057813 0.100694
181 0.162240 0.677083 0.059896 0.097222
97 0.211979 0.677083 0.060417 0.095833
97 0.260677 0.677083 0.056771 0.095833
34 0.306510 0.673958 0.060937 0.103472
34 0.356510 0.673264 0.059896 0.103472
34 0.407292 0.670139 0.056250 0.102778
342 0.450000 0.673958 0.054167 0.097917
342 0.497917 0.674306 0.054167 0.094444
50 0.593750 0.623611 0.048958 0.081944
194 0.634896 0.623264 0.051042 0.079861
194 0.675781 0.625347 0.047396 0.079861
194 0.718750 0.625347 0.051042 0.079861
315 0.754948 0.588194 0.038021 0.063889
214 0.720833 0.549306 0.039583 0.069444
214 0.690365 0.545139 0.043229 0.073611
214 0.655469 0.545139 0.043229 0.073611
75 0.721615 0.705556 0.047396 0.077778
75 0.680729 0.705556 0.045833 0.077778
75 0.640625 0.704167 0.045833 0.081944
330 0.593750 0.705556 0.052083 0.077778
330 0.548958 0.705556 0.048958 0.081944
50 0.545833 0.623264 0.050000 0.071528
218 0.458854 0.793056 0.057292 0.127778
218 0.410156 0.793056 0.053646 0.127778
7 0.353385 0.768750 0.059896 0.070833
7 0.311719 0.761111 0.061979 0.058333
85 0.125000 0.768750 0.067708 0.062500
85 0.162240 0.768750 0.058854 0.090278
197 0.393490 0.274653 0.057813 0.106250
197 0.342708 0.279861 0.056250 0.087500
23 0.288021 0.278472 0.056250 0.094444
23 0.238281 0.276736 0.058854 0.093750
223 0.187500 0.289583 0.057292 0.080556
148 0.544010 0.286458 0.045312 0.082639
14 0.579167 0.286458 0.042708 0.081250
14 0.619010 0.284722 0.049479 0.081944
14 0.653385 0.284722 0.042188 0.081944
328 0.694531 0.284722 0.050521 0.077778
328 0.736458 0.282639 0.048958 0.081944
262 0.781250 0.281597 0.051042 0.081250
336 0.816406 0.279861 0.045312 0.087500
336 0.848437 0.279514 0.042708 0.089583
336 0.882812 0.278819 0.045833 0.089583
108 0.917969 0.279514 0.048438 0.084028
108 0.960938 0.278472 0.051042 0.081944
260 0.954167 0.442708 0.051042 0.065972
260 0.889844 0.442708 0.042188 0.065972
260 0.860417 0.444792 0.039583 0.064583
260 0.828906 0.445486 0.042188 0.064583
260 0.796875 0.445486 0.043750 0.064583
260 0.765625 0.444792 0.040625 0.064583
260 0.767708 0.360764 0.038542 0.064583
260 0.800000 0.365625 0.039583 0.064583
260 0.831250 0.366667 0.040625 0.063889
260 0.863281 0.368403 0.040104 0.061806
260 0.896615 0.367361 0.042188 0.061111
260 0.927865 0.367361 0.042188 0.061111
260 0.960938 0.364583 0.042708 0.061111
315 0.819271 0.590278 0.042708 0.063889
315 0.851562 0.590278 0.039583 0.065278
315 0.883854 0.592361 0.039583 0.065278
315 0.916146 0.592014 0.039583 0.064583
315 0.947135 0.590278 0.042188 0.063889
61 0.887500 0.518056 0.039583 0.065278
261 0.858333 0.518750 0.039583 0.063889
261 0.826042 0.519792 0.039583 0.064583
261 0.792969 0.518750 0.042188 0.063889
261 0.762760 0.518750 0.042188 0.062500
305 0.618229 0.461458 0.044792 0.072917
305 0.656250 0.459375 0.044792 0.070139
47 0.694271 0.458333 0.044792 0.069444
47 0.731510 0.456250 0.043229 0.069444
201 0.757812 0.660417 0.039583 0.063889
201 0.784375 0.660417 0.039583 0.063889
201 0.816406 0.660417 0.040104 0.063889
201 0.859375 0.659375 0.043750 0.064583
191 0.498958 0.281597 0.059375 0.093750
191 0.446094 0.282986 0.057813 0.089583
186 0.086458 0.362500 0.031250 0.037500
186 0.090365 0.387500 0.033854 0.033333
186 0.116927 0.387500 0.030729 0.031944
186 0.115885 0.361806 0.028646 0.037500
186 0.135937 0.361806 0.030208 0.037500
186 0.160938 0.361458 0.030208 0.038194
186 0.139323 0.387500 0.029687 0.031944
186 0.162240 0.387153 0.028646 0.031250
268 0.188021 0.386458 0.030208 0.032639
268 0.210156 0.386458 0.029687 0.032639
268 0.233333 0.386458 0.030208 0.032639
268 0.257031 0.386458 0.029687 0.032639
268 0.282552 0.386458 0.032813 0.032639
268 0.257031 0.360764 0.029687 0.038194
268 0.233594 0.360417 0.029687 0.037500
268 0.209115 0.361458 0.029687 0.038194
268 0.185156 0.361806 0.029687 0.038889
268 0.282031 0.360417 0.031771 0.037500
187 0.100521 0.456597 0.059375 0.089583
187 0.148958 0.456250 0.057292 0.088889
187 0.197396 0.455556 0.057292 0.088889
187 0.245312 0.455556 0.057292 0.087500
205 0.214062 0.792014 0.066667 0.127083
205 0.263802 0.783681 0.051562 0.111806
145 0.502083 0.808333 0.047917 0.095833
145 0.544531 0.805556 0.046354 0.090278
164 0.587240 0.805556 0.045312 0.090278
164 0.629948 0.805556 0.046354 0.090278
35 0.674479 0.805208 0.048958 0.089583
35 0.716406 0.805208 0.048438 0.089583
61 0.754167 0.731250 0.034375 0.055556
61 0.783854 0.731944 0.035417 0.054167
61 0.813281 0.730556 0.034896 0.056944
61 0.831771 0.721181 0.026042 0.052083
61 0.857292 0.720139 0.033333 0.050000
61 0.893490 0.730903 0.045312 0.053472
201 0.894531 0.656597 0.035937 0.056250
201 0.925781 0.656944 0.040104 0.059722
261 0.917448 0.515278 0.034896 0.058333
261 0.947656 0.514931 0.034896 0.059028
117 0.539844 0.373264 0.035937 0.067361
117 0.576302 0.373264 0.036979 0.067361
117 0.610938 0.372917 0.038542 0.066667
117 0.646615 0.372569 0.036979 0.065972
78 0.684635 0.371181 0.042188 0.065972
78 0.722917 0.371181 0.039583 0.065972
15 0.758854 0.815972 0.032292 0.065278
15 0.790885 0.826042 0.044271 0.067361
15 0.828125 0.823958 0.041667 0.071528
15 0.858333 0.801736 0.046875 0.063194
15 0.897917 0.804167 0.054167 0.061111
15 0.932813 0.804861 0.058333 0.062500
