47 0.030208 0.313281 0.060417 0.096875
305 0.161979 0.312109 0.103125 0.103906
117 0.438542 0.310547 0.106250 0.114844
78 0.647396 0.308594 0.123958 0.128125
47 0.767708 0.309375 0.137500 0.131250
315 0.888542 0.316016 0.135417 0.119531
315 0.969792 0.317969 0.060417 0.117188
164 0.030208 0.466406 0.060417 0.120313
14 0.167708 0.485938 0.093750 0.110937
328 0.259375 0.491797 0.100000 0.114844
260 0.407292 0.453906 0.095833 0.100000
260 0.482292 0.455859 0.095833 0.100781
61 0.573958 0.462891 0.100000 0.103906
61 0.665625 0.466406 0.108333 0.110937
201 0.762500 0.474609 0.106250 0.103906
261 0.877604 0.439063 0.088542 0.078125
261 0.957292 0.477344 0.085417 0.121875
108 0.438021 0.569922 0.111458 0.114844
108 0.539583 0.576953 0.106250 0.121094
7 0.653125 0.591797 0.114583 0.124219
15 0.773958 0.605078 0.141667 0.124219
85 0.762500 0.927344 0.156250 0.145313
85 0.851562 0.925781 0.136458 0.148438
214 0.533854 0.727344 0.090625 0.098437
205 0.053646 0.779297 0.107292 0.153906
205 0.115104 0.795703 0.109375 0.153906
205 0.211458 0.821094 0.114583 0.160938
35 0.316146 0.847266 0.128125 0.161719
214 0.621875 0.727344 0.108333 0.123438
194 0.954688 0.055469 0.090625 0.110937
194 0.663542 0.076172 0.147917 0.152344
75 0.432292 0.085938 0.120833 0.139063
130 0.369792 0.076172 0.070833 0.152344
130 0.283333 0.080078 0.160417 0.160156
130 0.155729 0.080078 0.151042 0.160156
29 0.061979 0.105078 0.123958 0.160156
47 0.077083 0.312500 0.097917 0.104688
305 0.255729 0.313281 0.105208 0.109375
78 0.539062 0.312109 0.109375 0.124219
75 0.536979 0.078906 0.148958 0.157812
117 0.359375 0.313281 0.135417 0.114062
186 0.853125 0.758203 0.079167 0.071094
186 0.850521 0.800391 0.078125 0.057031
186 0.923958 0.810156 0.083333 0.070312
186 0.928646 0.770703 0.080208 0.069531
268 0.952604 0.607812 0.082292 0.068750
268 0.949479 0.649609 0.086458 0.066406
268 0.873437 0.642188 0.073958 0.064062
181 0.313021 0.674219 0.130208 0.140625
181 0.218229 0.657422 0.138542 0.146094
97 0.038021 0.635938 0.073958 0.120313
181 0.109896 0.646484 0.105208 0.135156
194 0.814583 0.071094 0.156250 0.142187
