208 0.730375 0.876667 0.052750 0.102667
8 0.681500 0.869833 0.058500 0.077667
130 0.968625 0.618833 0.062750 0.114333
53 0.968125 0.499833 0.063750 0.093000
53 0.883625 0.497000 0.077750 0.093333
53 0.811375 0.493000 0.077750 0.089333
53 0.754875 0.493000 0.061750 0.083333
243 0.685500 0.509667 0.091500 0.070667
243 0.674625 0.524333 0.077250 0.042667
235 0.530125 0.794667 0.051750 0.049333
235 0.530125 0.834667 0.045750 0.049333
96 0.474500 0.763500 0.065500 0.049667
96 0.474500 0.811333 0.068500 0.066667
84 0.393375 0.731333 0.065750 0.039333
84 0.393375 0.761500 0.073250 0.041000
84 0.395375 0.780167 0.072250 0.066333
338 0.317250 0.763500 0.073000 0.054333
338 0.319125 0.718500 0.087750 0.054333
62 0.247000 0.701000 0.064000 0.049333
158 0.474500 0.605333 0.053500 0.051333
158 0.504750 0.602333 0.039000 0.051333
345 0.438125 0.513167 0.022250 0.035000
345 0.461250 0.506833 0.027000 0.037000
345 0.471500 0.477000 0.023000 0.042667
345 0.486125 0.510000 0.022750 0.032000
345 0.495125 0.478500 0.022750 0.033000
92 0.509375 0.510333 0.024250 0.030667
92 0.519375 0.471000 0.022750 0.028667
92 0.533250 0.512833 0.025000 0.031000
92 0.542875 0.475833 0.026750 0.035000
212 0.557625 0.511833 0.022250 0.038333
212 0.576500 0.513833 0.020000 0.039667
239 0.420750 0.265667 0.022000 0.057333
239 0.418250 0.310333 0.022000 0.052000
239 0.397875 0.311667 0.018750 0.050000
239 0.385250 0.316167 0.008000 0.042333
239 0.389375 0.264667 0.021750 0.056000
239 0.403750 0.268000 0.010500 0.042667
188 0.458875 0.312667 0.020250 0.044000
188 0.479750 0.308500 0.023000 0.050333
188 0.500750 0.308833 0.019000 0.047000
244 0.541500 0.267500 0.038000 0.031000
52 0.532250 0.311167 0.037500 0.034333
52 0.570500 0.310167 0.039500 0.036333
333 0.611500 0.304333 0.035500 0.049333
143 0.661375 0.284167 0.065250 0.037667
143 0.665375 0.311667 0.068250 0.032667
143 0.665625 0.255000 0.064750 0.038667
109 0.632625 0.259333 0.006250 0.023333
11 0.714875 0.288000 0.044750 0.072000
236 0.333750 0.583000 0.029500 0.038667
236 0.353625 0.570167 0.019750 0.032333
92 0.366625 0.561333 0.006250 0.012667
82 0.298625 0.570167 0.021750 0.032333
109 0.279625 0.570333 0.023250 0.032667
207 0.403625 0.563833 0.025250 0.061667
296 0.303500 0.494500 0.026000 0.031000
296 0.330125 0.496333 0.026750 0.030000
296 0.342625 0.466667 0.021250 0.035333
132 0.363500 0.504667 0.030000 0.030000
132 0.396625 0.507000 0.032750 0.030000
38 0.245875 0.486333 0.026750 0.050667
3 0.210500 0.477500 0.039000 0.035667
265 0.221250 0.416000 0.027000 0.034667
265 0.240750 0.416833 0.020500 0.034333
73 0.263500 0.417000 0.022000 0.034667
284 0.314000 0.417167 0.034000 0.033667
157 0.338750 0.416833 0.032000 0.034333
280 0.336125 0.322333 0.016750 0.034000
280 0.353375 0.321667 0.018750 0.034000
307 0.287125 0.324667 0.022250 0.032667
329 0.237875 0.624667 0.040250 0.044667
86 0.265125 0.653167 0.033250 0.037667
86 0.276500 0.617833 0.030000 0.031000
152 0.316125 0.664000 0.029250 0.036000
152 0.341750 0.668500 0.033000 0.033667
349 0.463250 0.664833 0.032500 0.044333
349 0.494125 0.669667 0.031250 0.045333
349 0.464500 0.699000 0.030000 0.031333
349 0.494375 0.702667 0.030250 0.030667
109 0.528375 0.677000 0.034750 0.042000
109 0.527250 0.711667 0.032500 0.038000
109 0.560625 0.716333 0.035750 0.032000
109 0.561500 0.681167 0.036000 0.050333
271 0.597750 0.679333 0.034000 0.036667
271 0.597750 0.710833 0.034000 0.039000
271 0.633250 0.678167 0.033000 0.031000
132 0.630625 0.711833 0.035750 0.047000
355 0.668875 0.721333 0.034250 0.037333
355 0.668875 0.750333 0.034750 0.032000
355 0.700250 0.755000 0.032500 0.036000
355 0.700250 0.721500 0.031000 0.042333
21 0.687750 0.598667 0.052000 0.032000
355 0.691250 0.636833 0.057500 0.037667
29 0.769375 0.604000 0.062750 0.105333
29 0.821250 0.605167 0.069000 0.108333
29 0.880375 0.613500 0.070750 0.110333
97 0.751125 0.722833 0.067250 0.111667
97 0.811000 0.732500 0.072000 0.113000
97 0.870000 0.741000 0.070000 0.122000
181 0.950000 0.757833 0.083500 0.128333
2 0.792875 0.885167 0.070750 0.123667
2 0.854625 0.896333 0.071250 0.124667
109 0.787125 0.829000 0.059750 0.015333
34 0.908500 0.890167 0.062500 0.098333
34 0.962375 0.922333 0.070250 0.118667
342 0.961125 0.258500 0.077750 0.113000
342 0.892750 0.265000 0.080000 0.105333
331 0.884500 0.387500 0.010000 0.037000
170 0.898500 0.385333 0.038000 0.059333
170 0.938875 0.384833 0.051750 0.061000
170 0.977750 0.384167 0.036000 0.061667
250 0.576000 0.615000 0.025500 0.042667
250 0.597875 0.623000 0.028750 0.040667
250 0.619375 0.624833 0.026750 0.038333
