185 0.112362 0.184897 0.082793 0.135820
185 0.035292 0.185078 0.070584 0.136907
104 0.593285 0.316009 0.227394 0.043825
193 0.597863 0.370699 0.247997 0.072800
193 0.593285 0.427925 0.236551 0.054690
193 0.593285 0.478631 0.238077 0.053242
102 0.806372 0.338827 0.222434 0.023542
72 0.841473 0.376313 0.252957 0.068816
193 0.844143 0.431003 0.230065 0.049982
193 0.843190 0.477725 0.227394 0.053604
105 0.575353 0.576603 0.233499 0.081854
95 0.577642 0.633647 0.228920 0.064107
105 0.576498 0.678015 0.227394 0.062296
267 0.813621 0.672039 0.241511 0.081492
105 0.813048 0.625136 0.246471 0.083303
105 0.816101 0.577689 0.247997 0.081854
237 0.123617 0.571170 0.218237 0.076784
237 0.125525 0.624230 0.224342 0.062658
237 0.126288 0.665520 0.215185 0.067729
237 0.341091 0.571351 0.208317 0.079319
237 0.339947 0.628577 0.208317 0.062658
237 0.340900 0.675118 0.204884 0.063021
102 0.108165 0.363999 0.209462 0.084028
102 0.108165 0.425933 0.209462 0.055053
102 0.107211 0.471387 0.206791 0.059037
139 0.267264 0.316371 0.133918 0.051068
139 0.269554 0.371786 0.130103 0.065556
139 0.272606 0.426838 0.121709 0.052517
139 0.274895 0.475190 0.123998 0.052155
139 0.396604 0.476639 0.123998 0.051431
139 0.395651 0.427200 0.125906 0.054690
139 0.394506 0.367077 0.125906 0.078595
269 0.675696 0.118435 0.225105 0.065194
269 0.673598 0.178740 0.220145 0.061934
6 0.673598 0.235784 0.217093 0.059399
269 0.888020 0.237776 0.220145 0.058312
269 0.888974 0.180551 0.217474 0.061934
269 0.889355 0.120427 0.217474 0.069178
80 0.334605 0.763310 0.197634 0.067005
80 0.326593 0.819449 0.173979 0.041652
80 0.317245 0.881746 0.207173 0.086563
80 0.323159 0.939515 0.196108 0.050706
80 0.326784 0.975552 0.191148 0.048895
80 0.092713 0.947845 0.182373 0.047084
80 0.092713 0.909272 0.182373 0.049620
80 0.092713 0.850417 0.182373 0.087649
80 0.115986 0.816552 0.169401 0.041652
80 0.140214 0.777617 0.157573 0.042014
80 0.092713 0.969395 0.182373 0.027164
275 0.548836 0.765484 0.198016 0.067729
275 0.549790 0.826512 0.206028 0.044187
275 0.549790 0.888808 0.170927 0.086925
232 0.555322 0.948750 0.147654 0.046722
275 0.553987 0.983158 0.143457 0.033683
275 0.796643 0.982072 0.161007 0.035857
275 0.798932 0.950018 0.170927 0.050706
275 0.796643 0.891706 0.187715 0.089823
275 0.781572 0.807859 0.213277 0.080768
275 0.762495 0.754618 0.182755 0.040927
232 0.244372 0.064107 0.123235 0.068091
232 0.365891 0.065013 0.118275 0.060485
232 0.478443 0.237233 0.131248 0.070264
232 0.486646 0.123144 0.136208 0.066643
232 0.480733 0.178015 0.144220 0.051068
232 0.346051 0.115176 0.128958 0.065918
232 0.209081 0.120608 0.131248 0.065918
232 0.215567 0.172039 0.130485 0.057226
267 0.207173 0.227454 0.144983 0.068816
267 0.344907 0.232343 0.133537 0.074248
232 0.348722 0.176204 0.129721 0.053242
