185 0.965012 0.093382 0.069976 0.125000
185 0.893816 0.099265 0.100081 0.129412
6 0.743694 0.038971 0.206672 0.060294
6 0.743694 0.084926 0.213181 0.055147
6 0.743694 0.130882 0.216436 0.061765
72 0.521155 0.084926 0.246542 0.053676
72 0.521155 0.133456 0.244915 0.055147
72 0.519528 0.034559 0.249797 0.057353
232 0.307567 0.091176 0.159479 0.054412
232 0.293328 0.143750 0.131001 0.053676
232 0.171684 0.137868 0.123678 0.056618
232 0.170464 0.091912 0.106591 0.048529
232 0.168023 0.045956 0.109845 0.053676
232 0.066721 0.048897 0.105777 0.049265
232 0.064280 0.091912 0.126932 0.048529
232 0.064280 0.137868 0.123678 0.053676
237 0.122864 0.248529 0.222945 0.057353
237 0.122864 0.298897 0.222945 0.056618
237 0.119203 0.346324 0.218877 0.061765
102 0.332384 0.251471 0.236778 0.054412
102 0.336046 0.298897 0.237592 0.053676
102 0.336046 0.351838 0.213181 0.053676
102 0.572010 0.251471 0.234337 0.054412
102 0.575671 0.298897 0.236778 0.055147
102 0.574451 0.347794 0.224573 0.054412
139 0.749797 0.251103 0.140765 0.056618
139 0.753458 0.293015 0.146461 0.056618
139 0.882018 0.295956 0.146461 0.062500
139 0.880797 0.344485 0.139138 0.056618
139 0.749797 0.345956 0.135883 0.056618
193 0.208299 0.479779 0.120423 0.059559
193 0.210740 0.527206 0.113914 0.052941
193 0.207486 0.571691 0.120423 0.056618
193 0.109845 0.522794 0.120423 0.052941
193 0.096420 0.476838 0.098454 0.053676
193 0.104557 0.568750 0.098454 0.056618
283 0.600895 0.530147 0.233523 0.077941
283 0.599268 0.589706 0.230269 0.063235
283 0.361269 0.582721 0.193653 0.059559
283 0.360862 0.537868 0.196094 0.053676
283 0.361269 0.483824 0.193653 0.073529
80 0.366558 0.706618 0.205858 0.070588
80 0.369406 0.782353 0.200163 0.079412
80 0.369406 0.833824 0.196908 0.061765
80 0.369406 0.875735 0.227828 0.061765
80 0.165582 0.871691 0.217250 0.059559
80 0.166395 0.831985 0.217250 0.055147
80 0.166395 0.777206 0.230269 0.076471
80 0.181041 0.731985 0.200976 0.053676
80 0.187958 0.690441 0.182262 0.030882
275 0.814890 0.693750 0.238405 0.077206
275 0.838487 0.759926 0.257933 0.077206
275 0.859642 0.818382 0.257933 0.064706
275 0.859235 0.863971 0.253865 0.067647
275 0.860456 0.905882 0.254679 0.064706
275 0.617982 0.839338 0.236778 0.083088
275 0.617982 0.894853 0.235151 0.054412
275 0.601709 0.763235 0.220504 0.054412
275 0.591131 0.711397 0.209113 0.068382
275 0.582181 0.667647 0.199349 0.039706
