187 0.066138 0.266989 0.132275 0.101438
342 0.034061 0.399802 0.068122 0.102183
29 0.015542 0.536458 0.031085 0.100198
97 0.092758 0.536582 0.081680 0.102927
97 0.185516 0.538442 0.103836 0.096230
30 0.283069 0.536582 0.100529 0.100942
30 0.381779 0.536458 0.095569 0.098214
201 0.465774 0.522941 0.067791 0.074653
201 0.521329 0.519841 0.065807 0.069444
61 0.632771 0.519965 0.064484 0.062748
61 0.692295 0.519965 0.064484 0.064732
315 0.751819 0.519841 0.061839 0.061508
315 0.811343 0.517981 0.061839 0.060268
261 0.757771 0.599950 0.067791 0.061508
261 0.700066 0.601935 0.054894 0.062996
260 0.647321 0.602927 0.061839 0.062996
260 0.588790 0.603919 0.062500 0.062996
36 0.526290 0.602927 0.062500 0.062996
36 0.461640 0.604911 0.060847 0.062996
223 0.647321 0.406622 0.096892 0.079117
330 0.566303 0.407614 0.081680 0.079117
50 0.478340 0.406622 0.085648 0.083581
145 0.384590 0.403646 0.089286 0.092014
145 0.299603 0.403770 0.085317 0.090278
164 0.210813 0.403770 0.086971 0.090278
164 0.134755 0.403646 0.081680 0.092014
53 0.201058 0.689856 0.077381 0.089534
53 0.121858 0.691716 0.095569 0.090278
191 0.039021 0.694816 0.078042 0.085069
78 0.314319 0.684896 0.073743 0.094494
78 0.388558 0.682912 0.074735 0.092014
305 0.467593 0.691840 0.068783 0.073661
305 0.530093 0.692832 0.068783 0.071677
117 0.604332 0.692708 0.068452 0.069444
117 0.663856 0.691716 0.065807 0.069444
47 0.729332 0.694692 0.065807 0.064980
47 0.794808 0.691716 0.068452 0.069444
35 0.719742 0.830481 0.081680 0.104911
35 0.797619 0.829489 0.085979 0.086062
108 0.647321 0.275670 0.081680 0.078125
108 0.568287 0.276662 0.065807 0.076141
108 0.484292 0.275794 0.081680 0.080853
50 0.384590 0.270957 0.092593 0.089534
7 0.243056 0.836310 0.101852 0.100694
7 0.324074 0.831473 0.101852 0.102927
85 0.424603 0.836310 0.095238 0.102679
85 0.505787 0.833333 0.095569 0.107639
15 0.584821 0.829489 0.076389 0.111359
15 0.642526 0.829489 0.085317 0.117312
205 0.133267 0.829861 0.107804 0.128968
205 0.045470 0.831349 0.090278 0.132440
