247 0.325269 0.117863 0.105991 0.096886
247 0.419931 0.115809 0.112519 0.101427
1 0.523618 0.085640 0.081797 0.067907
1 0.525538 0.138300 0.086406 0.054715
1 0.606567 0.082721 0.081797 0.068123
1 0.606567 0.137327 0.086406 0.055796
249 0.663210 0.232158 0.080645 0.077638
249 0.584101 0.233023 0.079877 0.075043
196 0.505184 0.235078 0.086406 0.079152
196 0.430876 0.234970 0.079877 0.077638
103 0.356567 0.236916 0.086406 0.077638
103 0.280338 0.237024 0.079877 0.072232
225 0.202381 0.238862 0.080645 0.077638
225 0.129032 0.237997 0.080645 0.070285
339 0.038402 0.233131 0.076805 0.065744
141 0.051075 0.349265 0.102151 0.104671
142 0.161290 0.347318 0.098310 0.073097
142 0.254992 0.347318 0.090630 0.070502
324 0.352727 0.346345 0.092550 0.071583
324 0.447389 0.346345 0.090630 0.071583
222 0.548963 0.343426 0.090246 0.067907
222 0.644777 0.343426 0.092166 0.071799
192 0.755184 0.340506 0.110215 0.070285
192 0.856567 0.338452 0.103303 0.072232
292 0.866359 0.421605 0.072197 0.054715
292 0.867320 0.475238 0.078725 0.058175
292 0.794163 0.475238 0.072197 0.056877
111 0.718894 0.473292 0.072197 0.068123
111 0.639785 0.475238 0.072197 0.061202
306 0.541283 0.457721 0.121736 0.096670
325 0.444508 0.472318 0.067204 0.073097
325 0.380952 0.472318 0.064516 0.072232
325 0.319508 0.472318 0.064516 0.067907
178 0.241359 0.462587 0.080261 0.092993
178 0.165323 0.462478 0.080261 0.093642
272 0.020737 0.597318 0.041475 0.098183
272 0.087174 0.597318 0.105223 0.099481
20 0.228687 0.561202 0.114055 0.048010
20 0.310676 0.560229 0.097542 0.050822
32 0.302803 0.776060 0.084869 0.065960
259 0.391897 0.778006 0.086406 0.068123
259 0.473694 0.776060 0.086406 0.068123
215 0.869240 0.560229 0.091014 0.052984
215 0.783410 0.560229 0.084485 0.050822
89 0.677995 0.560229 0.091014 0.052119
89 0.588134 0.560229 0.086406 0.052984
56 0.563556 0.770221 0.080261 0.083694
56 0.650538 0.774113 0.083717 0.076773
169 0.743280 0.776060 0.103303 0.073313
169 0.848694 0.778006 0.107527 0.073313
298 0.745200 0.906574 0.114055 0.076125
298 0.655146 0.907656 0.090630 0.098183
298 0.573349 0.908737 0.089094 0.086505
282 0.478687 0.917171 0.119432 0.094291
282 0.348694 0.919550 0.153610 0.088235
282 0.236751 0.915766 0.124808 0.084991
32 0.219854 0.780709 0.093318 0.076557
334 0.734639 0.687500 0.090630 0.061851
189 0.842358 0.705017 0.138633 0.033304
189 0.839094 0.670631 0.123656 0.037197
189 0.839862 0.634516 0.160522 0.044118
341 0.206797 0.107483 0.130952 0.118512
46 0.229263 0.632137 0.131336 0.037197
46 0.232911 0.667928 0.129416 0.036981
46 0.235983 0.700043 0.127112 0.028114
28 0.363863 0.631380 0.131720 0.036116
28 0.366551 0.667279 0.127112 0.036548
28 0.368472 0.700043 0.127112 0.028979
173 0.500960 0.631704 0.127880 0.036765
173 0.504224 0.667388 0.126728 0.037197
173 0.506720 0.700043 0.127112 0.028979
87 0.630376 0.632461 0.112519 0.036116
87 0.630376 0.668469 0.110983 0.036332
87 0.633065 0.700260 0.110215 0.028114
341 0.084485 0.110727 0.129800 0.112024
151 0.067780 0.475779 0.094854 0.101211
