218 0.170833 0.814844 0.110417 0.117188
218 0.257292 0.831250 0.114583 0.153125
23 0.480208 0.889062 0.141667 0.135937
205 0.849479 0.922656 0.130208 0.154688
181 0.967708 0.764844 0.064583 0.157812
181 0.719271 0.737500 0.136458 0.153125
97 0.591146 0.721875 0.130208 0.150000
342 0.285938 0.677734 0.130208 0.144531
342 0.180208 0.669922 0.106250 0.130469
342 0.096875 0.658594 0.112500 0.128125
50 0.541667 0.333203 0.131250 0.125781
47 0.772396 0.341016 0.119792 0.119531
305 0.898958 0.339062 0.133333 0.121875
30 0.228646 0.138672 0.140625 0.160156
30 0.107292 0.148438 0.116667 0.153125
30 0.039062 0.154297 0.078125 0.149219
223 0.501563 0.516016 0.115625 0.130469
164 0.609896 0.519531 0.130208 0.142187
181 0.877604 0.718750 0.180208 0.209375
205 0.732812 0.910156 0.146875 0.179688
205 0.603125 0.888672 0.139583 0.200781
23 0.369792 0.862500 0.120833 0.118750
97 0.382292 0.675781 0.112500 0.135937
97 0.480208 0.706250 0.116667 0.150000
14 0.847396 0.549219 0.130208 0.121875
328 0.956250 0.516016 0.087500 0.202344
47 0.667708 0.337109 0.112500 0.119531
50 0.434896 0.333594 0.132292 0.120313
187 0.299479 0.528516 0.109375 0.074219
34 0.180208 0.490625 0.116667 0.142187
34 0.097396 0.490625 0.132292 0.125000
305 0.365625 0.143750 0.066667 0.139063
29 0.621354 0.109766 0.161458 0.180469
29 0.765104 0.098828 0.178125 0.188281
130 0.925521 0.096875 0.148958 0.193750
29 0.473958 0.138672 0.168750 0.200781
187 0.388542 0.513672 0.139583 0.121094
53 0.040625 0.337891 0.081250 0.107031
53 0.128125 0.337109 0.112500 0.108594
330 0.246354 0.341016 0.115625 0.105469
330 0.330729 0.339844 0.088542 0.110937
