193 0.415468 0.108576 0.145084 0.059625
193 0.547962 0.107287 0.131095 0.061465
193 0.547962 0.157895 0.131095 0.058152
193 0.419265 0.159367 0.127898 0.058152
102 0.863309 0.556864 0.256595 0.073611
102 0.851519 0.499816 0.257794 0.080972
102 0.841727 0.463379 0.224620 0.037541
139 0.549361 0.501472 0.121902 0.064409
139 0.559952 0.469636 0.113509 0.044166
139 0.670464 0.468347 0.116307 0.040118
139 0.666067 0.505705 0.131495 0.067722
139 0.661671 0.556128 0.129896 0.055944
139 0.545164 0.552079 0.113509 0.054472
301 0.668465 0.263342 0.207434 0.057784
301 0.665068 0.311557 0.204636 0.054104
301 0.667066 0.358300 0.204636 0.054104
301 0.869904 0.358116 0.211431 0.053736
301 0.872902 0.308612 0.210232 0.057784
301 0.837330 0.260950 0.164668 0.050055
283 0.419464 0.262974 0.246603 0.058520
283 0.188649 0.267022 0.243006 0.057784
283 0.412470 0.312845 0.239808 0.054472
283 0.175460 0.313029 0.246203 0.054104
283 0.181455 0.357748 0.238209 0.055944
283 0.423661 0.354067 0.238209 0.064041
72 0.224620 0.074347 0.239009 0.055944
72 0.214229 0.120169 0.220624 0.057048
72 0.221423 0.163232 0.235811 0.049687
232 0.933054 0.047847 0.133893 0.063305
232 0.934852 0.100847 0.130296 0.060361
213 0.929656 0.149061 0.133493 0.047847
232 0.800360 0.151454 0.130695 0.049687
232 0.803757 0.104159 0.135891 0.058888
232 0.801159 0.049687 0.136291 0.063305
237 0.672862 0.154030 0.127498 0.049687
232 0.672862 0.106183 0.126699 0.057048
232 0.666667 0.060545 0.123901 0.068090
237 0.175260 0.488958 0.203437 0.066618
237 0.185252 0.536069 0.209033 0.062201
269 0.375899 0.497792 0.197042 0.059993
269 0.375899 0.546743 0.190647 0.057048
269 0.416667 0.464851 0.163469 0.041222
80 0.171463 0.771439 0.222222 0.056680
80 0.134293 0.813581 0.258993 0.074715
80 0.122302 0.874862 0.244604 0.072138
80 0.125300 0.913324 0.250600 0.047479
80 0.355116 0.926389 0.241007 0.048583
80 0.364309 0.883511 0.244205 0.079131
80 0.369504 0.817446 0.241007 0.081708
80 0.392286 0.777880 0.217826 0.058520
72 0.424660 0.741627 0.161871 0.043430
275 0.619105 0.930622 0.241407 0.067354
275 0.639289 0.892529 0.251399 0.082444
275 0.639289 0.824807 0.251399 0.075083
275 0.630496 0.780824 0.229816 0.048215
275 0.857714 0.785609 0.233413 0.052632
275 0.879097 0.834928 0.241807 0.073243
275 0.882894 0.905226 0.234213 0.088701
275 0.888289 0.958594 0.223421 0.044534
