231 0.027158 0.960813 0.054315 0.047288
231 0.029142 0.923776 0.057788 0.045304
231 0.029266 0.886574 0.058036 0.044974
264 0.073165 0.886574 0.050595 0.060185
264 0.073041 0.947090 0.045883 0.060185
204 0.108383 0.894345 0.053571 0.059854
204 0.108259 0.940146 0.047371 0.054233
204 0.144469 0.947090 0.047371 0.060185
204 0.183532 0.941303 0.043155 0.053241
265 0.183532 0.886409 0.043155 0.056548
265 0.218626 0.885582 0.041915 0.056217
265 0.218626 0.941303 0.042907 0.053241
265 0.253844 0.936343 0.045883 0.063161
265 0.256696 0.870866 0.043155 0.045966
208 0.372892 0.925595 0.042907 0.080688
235 0.416791 0.912037 0.052827 0.099868
235 0.468626 0.914021 0.055804 0.099868
96 0.518477 0.925595 0.045883 0.072090
33 0.605407 0.894345 0.067460 0.117394
33 0.661954 0.907077 0.060516 0.094577
33 0.717758 0.905093 0.060516 0.092593
329 0.773313 0.907077 0.054067 0.087963
329 0.819320 0.900132 0.052827 0.097222
329 0.873016 0.904101 0.060516 0.088624
62 0.915923 0.894345 0.062500 0.083003
62 0.956845 0.873843 0.068452 0.080357
338 0.876736 0.781911 0.053571 0.043981
338 0.876736 0.743882 0.056548 0.043981
338 0.828001 0.784888 0.051835 0.043981
246 0.821181 0.743882 0.051587 0.043981
246 0.772321 0.746858 0.051587 0.047288
246 0.771453 0.786872 0.045883 0.042659
271 0.725446 0.788029 0.045635 0.043651
271 0.722594 0.743882 0.045883 0.043981
271 0.688368 0.746858 0.036954 0.042659
271 0.645461 0.753803 0.045883 0.049272
271 0.641493 0.792659 0.045883 0.044312
152 0.597470 0.791832 0.039683 0.047950
152 0.556548 0.792824 0.043155 0.047950
86 0.512649 0.793816 0.048115 0.047950
86 0.512525 0.750827 0.045883 0.042659
86 0.460813 0.792824 0.050595 0.053241
86 0.412078 0.796792 0.049355 0.049934
86 0.414931 0.749835 0.045635 0.042659
86 0.459821 0.749008 0.045635 0.041667
280 0.228795 0.326224 0.028522 0.040675
280 0.255332 0.325231 0.027530 0.040675
280 0.282862 0.323743 0.028522 0.040344
68 0.315848 0.334160 0.029514 0.055225
307 0.351562 0.322421 0.028026 0.039021
307 0.379340 0.322090 0.028522 0.037698
188 0.414311 0.325066 0.026538 0.035714
188 0.440352 0.323082 0.026042 0.036376
188 0.439856 0.263889 0.026538 0.036376
188 0.413566 0.264220 0.026538 0.036376
307 0.381448 0.280423 0.027778 0.057540
307 0.351811 0.280754 0.030506 0.051587
345 0.331969 0.287202 0.011161 0.057870
68 0.313244 0.275132 0.031746 0.069444
280 0.284350 0.263228 0.028522 0.041005
280 0.257688 0.263724 0.026290 0.040013
239 0.469246 0.319114 0.027282 0.067460
239 0.495412 0.319114 0.027530 0.068122
239 0.522445 0.317956 0.027034 0.070437
239 0.550967 0.317295 0.026042 0.070437
11 0.588666 0.300265 0.046379 0.101190
11 0.632068 0.291501 0.058780 0.116733
11 0.670511 0.296958 0.039931 0.101852
5 0.722842 0.298611 0.040923 0.094577
5 0.777902 0.285880 0.043403 0.117394
13 0.808036 0.285880 0.031250 0.113426
243 0.956597 0.405919 0.081845 0.044643
243 0.962674 0.446263 0.069196 0.040675
66 0.900298 0.450893 0.059524 0.036045
66 0.902158 0.412037 0.058284 0.044974
66 0.841270 0.452546 0.059524 0.036706
66 0.839038 0.414683 0.068948 0.044974
38 0.511161 0.445437 0.028770 0.075397
38 0.538566 0.439649 0.029514 0.085648
38 0.562872 0.443452 0.025050 0.075397
38 0.588170 0.442791 0.027530 0.074735
38 0.616319 0.440807 0.032242 0.076058
3 0.659846 0.443948 0.057788 0.066468
3 0.675223 0.404597 0.059772 0.028108
3 0.714286 0.441799 0.059028 0.068122
333 0.359995 0.458333 0.041419 0.061508
333 0.399182 0.456845 0.042907 0.060516
212 0.309028 0.537202 0.027282 0.035384
212 0.332837 0.537864 0.031746 0.033399
92 0.364831 0.536045 0.032738 0.040344
92 0.396081 0.536045 0.028274 0.042989
212 0.332837 0.584160 0.028274 0.032077
212 0.305184 0.584491 0.026538 0.031415
92 0.365575 0.585152 0.027778 0.030754
92 0.391617 0.583499 0.028274 0.032738
345 0.424479 0.573247 0.027034 0.049934
345 0.452505 0.578538 0.026538 0.038690
345 0.480407 0.578704 0.027778 0.034392
345 0.505704 0.577877 0.024306 0.033399
345 0.504464 0.531250 0.025794 0.033399
345 0.477183 0.531581 0.028274 0.034061
12 0.650422 0.575397 0.048363 0.047619
12 0.647569 0.527116 0.049107 0.051587
12 0.604291 0.575728 0.045883 0.047619
12 0.599826 0.529101 0.045883 0.051587
82 0.569692 0.577050 0.022817 0.044312
82 0.543279 0.576885 0.031994 0.043981
355 0.550223 0.533565 0.037946 0.023479
355 0.550967 0.511409 0.041419 0.023479
207 0.693700 0.570437 0.042659 0.041667
207 0.732887 0.569444 0.044643 0.042989
250 0.767609 0.566799 0.032738 0.036376
250 0.798611 0.565642 0.030754 0.038029
250 0.809028 0.527116 0.032242 0.046958
250 0.762897 0.528439 0.036706 0.044974
233 0.856027 0.567956 0.037450 0.045966
233 0.887277 0.566799 0.040923 0.046958
233 0.913938 0.565972 0.043155 0.046627
52 0.966394 0.561177 0.065228 0.053571
296 0.245288 0.695933 0.041171 0.031415
296 0.287698 0.688657 0.046627 0.045304
296 0.274058 0.648479 0.046131 0.042989
349 0.335317 0.695767 0.045139 0.031085
349 0.331473 0.649306 0.047371 0.045966
349 0.374752 0.647156 0.039187 0.045635
349 0.415551 0.644180 0.039931 0.039683
349 0.459077 0.643519 0.039187 0.038360
349 0.505704 0.644841 0.039683 0.041005
349 0.504712 0.682374 0.040179 0.038029
349 0.463790 0.685681 0.042163 0.034061
349 0.417039 0.689153 0.042411 0.033730
86 0.376240 0.691799 0.042163 0.029101
21 0.543279 0.668651 0.026538 0.080026
21 0.570437 0.668485 0.027778 0.079034
21 0.585565 0.657407 0.025794 0.072090
21 0.619048 0.666336 0.027778 0.077381
21 0.646205 0.665840 0.028522 0.077712
39 0.672495 0.667989 0.030010 0.071429
39 0.697793 0.666667 0.027530 0.072090
21 0.723586 0.664187 0.026042 0.073743
38 0.750372 0.661045 0.030010 0.078042
38 0.779266 0.660880 0.030754 0.077050
38 0.830233 0.659061 0.043403 0.077381
316 0.881944 0.677083 0.068452 0.039352
316 0.882068 0.633267 0.066220 0.051587
284 0.201265 0.749504 0.030010 0.024802
183 0.233259 0.758433 0.036954 0.046627
157 0.279514 0.751157 0.035218 0.034722
157 0.278646 0.806382 0.036458 0.047950
284 0.237227 0.805225 0.040427 0.051587
284 0.201265 0.803902 0.037946 0.056878
109 0.320561 0.804563 0.041419 0.046296
109 0.356895 0.804398 0.039683 0.045966
73 0.159226 0.809524 0.034226 0.050265
73 0.123512 0.810681 0.042659 0.051918
73 0.083829 0.810847 0.041667 0.052249
109 0.049355 0.810847 0.032738 0.052910
96 0.553819 0.885086 0.039187 0.064484
96 0.560888 0.940642 0.042411 0.053241
244 0.939608 0.666501 0.042411 0.043320
355 0.982267 0.673280 0.035466 0.048942
0 0.783606 0.441799 0.034474 0.055556
