177 0.098545 0.206721 0.105820 0.119792
334 0.203042 0.211558 0.102513 0.117560
352 0.310516 0.218130 0.102513 0.115823
245 0.403274 0.221354 0.085648 0.101438
184 0.488095 0.224206 0.096561 0.104167
122 0.599537 0.150050 0.140212 0.066468
122 0.599372 0.209697 0.131283 0.063244
122 0.599372 0.256448 0.139220 0.051587
238 0.737103 0.215526 0.130291 0.060020
238 0.734127 0.259425 0.120370 0.053075
281 0.843585 0.164683 0.124339 0.094742
71 0.950066 0.162698 0.099868 0.080357
71 0.944279 0.248636 0.108135 0.090526
281 0.848545 0.242808 0.109788 0.088790
24 0.870040 0.389261 0.096561 0.071677
215 0.783069 0.388269 0.096561 0.073165
89 0.698082 0.389261 0.096561 0.070188
83 0.602513 0.388269 0.096561 0.072173
83 0.597553 0.456597 0.102513 0.067956
89 0.694114 0.454737 0.096561 0.068204
215 0.781085 0.453745 0.096561 0.063740
24 0.869048 0.451761 0.088624 0.063740
355 0.973049 0.444940 0.053902 0.071429
87 0.904101 0.600322 0.127646 0.063244
87 0.904101 0.642113 0.111772 0.047619
46 0.788029 0.631448 0.120370 0.044643
46 0.785880 0.590526 0.125992 0.047619
46 0.783069 0.544519 0.135582 0.054812
297 0.656085 0.548487 0.135582 0.054812
297 0.656085 0.590526 0.132937 0.050595
297 0.656085 0.634425 0.130952 0.050595
173 0.534061 0.646081 0.111772 0.045635
173 0.527282 0.597346 0.118717 0.052827
173 0.525298 0.546503 0.131283 0.056796
309 0.367063 0.548487 0.135582 0.060764
309 0.367063 0.603175 0.132937 0.058532
309 0.367063 0.650050 0.139550 0.053075
355 0.171627 0.462550 0.161376 0.062996
355 0.164848 0.407862 0.153108 0.048859
355 0.164848 0.356027 0.155093 0.055804
225 0.980324 0.675471 0.039352 0.030506
298 0.219577 0.962674 0.113757 0.074653
56 0.327050 0.764261 0.093254 0.117312
27 0.193948 0.795759 0.150463 0.072669
45 0.167659 0.554936 0.164021 0.056300
45 0.167989 0.607887 0.173280 0.054067
87 0.174107 0.658482 0.168981 0.058036
282 0.620040 0.959325 0.116402 0.074901
282 0.524140 0.958581 0.118386 0.082837
282 0.704365 0.941220 0.055556 0.069444
40 0.784557 0.900918 0.045304 0.075645
40 0.829034 0.890129 0.072090 0.103671
40 0.894511 0.886533 0.066799 0.082589
266 0.602183 0.749256 0.092593 0.094246
266 0.506283 0.754092 0.103175 0.088046
355 0.334656 0.359995 0.144841 0.060268
355 0.334656 0.415675 0.140873 0.055060
355 0.334656 0.462426 0.122354 0.051835
27 0.480324 0.464038 0.132606 0.046627
27 0.480489 0.415551 0.133598 0.053819
27 0.481316 0.361359 0.139881 0.057540
259 0.695271 0.742684 0.079034 0.079117
259 0.765873 0.742808 0.083333 0.078869
298 0.273975 0.916047 0.071098 0.093998
