38 0.317227 0.110177 0.048669 0.102708
38 0.357318 0.115079 0.045868 0.099907
38 0.403186 0.123833 0.040266 0.086601
21 0.446254 0.119048 0.045868 0.103175
21 0.487220 0.127801 0.039216 0.092204
21 0.522321 0.124883 0.042892 0.105509
280 0.562412 0.132703 0.034139 0.047852
280 0.592700 0.138539 0.034139 0.041317
280 0.622024 0.139472 0.027311 0.037582
66 0.733281 0.253852 0.074755 0.071662
52 0.645483 0.255719 0.104692 0.062325
217 0.564426 0.252801 0.054622 0.068627
217 0.511555 0.249883 0.053571 0.070261
284 0.453957 0.245915 0.051821 0.073063
284 0.406162 0.243114 0.045868 0.066527
204 0.352416 0.240079 0.053571 0.063725
73 0.285102 0.236228 0.057598 0.070028
73 0.238270 0.235177 0.053571 0.068861
157 0.175770 0.229342 0.058473 0.076331
265 0.116071 0.225490 0.058473 0.073296
329 0.153011 0.460784 0.066527 0.110177
329 0.228466 0.468721 0.073179 0.099907
345 0.505777 0.488095 0.038866 0.076097
345 0.545781 0.488212 0.039041 0.065593
92 0.586835 0.487278 0.038866 0.065593
92 0.617122 0.490079 0.034314 0.059991
3 0.662027 0.429505 0.057598 0.037815
3 0.680585 0.488212 0.068452 0.080532
3 0.745973 0.492063 0.068277 0.080299
11 0.801733 0.503735 0.062150 0.108310
152 0.684786 0.359944 0.053046 0.060224
152 0.735207 0.359944 0.053046 0.062092
233 0.729429 0.628968 0.044293 0.061391
233 0.734244 0.572362 0.043768 0.060691
250 0.685137 0.561391 0.030637 0.039216
233 0.688725 0.619865 0.025910 0.065593
250 0.623950 0.629318 0.035014 0.039216
250 0.588060 0.626401 0.031162 0.044585
250 0.654762 0.629902 0.026261 0.038515
250 0.652486 0.563142 0.046218 0.045051
250 0.603554 0.562675 0.053046 0.045051
82 0.506653 0.626401 0.038866 0.062325
82 0.544205 0.626634 0.037640 0.062792
296 0.405725 0.573996 0.053396 0.064893
296 0.402398 0.626984 0.051996 0.043884
296 0.453957 0.622082 0.052871 0.052754
109 0.296043 0.560691 0.050420 0.054622
109 0.343662 0.561975 0.045518 0.054388
109 0.339636 0.630252 0.053571 0.042017
109 0.285889 0.629669 0.053922 0.043184
62 0.216912 0.600607 0.069328 0.120915
62 0.150123 0.605392 0.067402 0.103408
86 0.160889 0.770892 0.073179 0.054388
86 0.226453 0.771008 0.068803 0.054622
349 0.293592 0.715336 0.054622 0.048786
349 0.346113 0.715453 0.051821 0.049020
349 0.293768 0.773343 0.053221 0.041550
349 0.345413 0.772993 0.050420 0.042250
236 0.444590 0.774627 0.043943 0.051587
236 0.399860 0.776844 0.044468 0.048553
12 0.494485 0.766923 0.043943 0.064192
12 0.541229 0.766690 0.048144 0.063725
207 0.591824 0.698996 0.040441 0.051120
207 0.641807 0.699463 0.044468 0.050654
207 0.596026 0.755602 0.051996 0.065826
207 0.644083 0.755952 0.033964 0.065593
96 0.701681 0.769958 0.053571 0.057190
208 0.750700 0.761088 0.054972 0.066060
271 0.471989 0.922386 0.052521 0.050187
271 0.420693 0.922386 0.056373 0.050187
243 0.550508 0.838119 0.088410 0.043651
243 0.556635 0.918184 0.098564 0.045051
33 0.646796 0.899510 0.073704 0.105275
33 0.713410 0.899510 0.071078 0.104342
84 0.806810 0.913982 0.120973 0.066993
84 0.799195 0.848156 0.106443 0.068861
338 0.904149 0.836485 0.113971 0.047852
338 0.918855 0.907213 0.126926 0.066527
132 0.145308 0.870098 0.072829 0.057190
132 0.217787 0.870098 0.072829 0.057190
132 0.142244 0.931373 0.064951 0.043417
132 0.212710 0.930906 0.068978 0.043417
143 0.318190 0.445145 0.098214 0.055556
143 0.318803 0.499533 0.094538 0.046685
