328 0.030134 0.145999 0.060268 0.133267
328 0.089782 0.148148 0.080357 0.131614
14 0.151290 0.152943 0.075397 0.127315
14 0.204985 0.155919 0.078125 0.124669
75 0.488219 0.168651 0.057788 0.108466
75 0.538070 0.168651 0.057788 0.107143
75 0.582961 0.170635 0.055804 0.107143
194 0.631820 0.171462 0.055804 0.105489
194 0.673735 0.173446 0.055804 0.101521
194 0.713790 0.175430 0.049107 0.100198
194 0.750000 0.176422 0.049107 0.096230
29 0.793899 0.167659 0.060020 0.116402
29 0.839782 0.167659 0.055556 0.113757
29 0.877976 0.168651 0.053571 0.108466
53 0.913938 0.171462 0.049107 0.105489
53 0.945312 0.175430 0.048363 0.098876
53 0.977927 0.176422 0.044147 0.098876
186 0.988343 0.393188 0.023313 0.046296
50 0.955109 0.425265 0.042659 0.079365
50 0.920883 0.427249 0.046627 0.082011
50 0.879836 0.429233 0.055804 0.087302
223 0.834945 0.438161 0.051339 0.087302
223 0.793899 0.446925 0.055556 0.084987
330 0.754836 0.449901 0.053819 0.090939
117 0.689360 0.464451 0.051339 0.083664
117 0.654266 0.462632 0.050099 0.083995
117 0.623884 0.467262 0.051339 0.083995
47 0.587798 0.473214 0.049107 0.083995
47 0.554563 0.480159 0.049107 0.089286
47 0.518477 0.484954 0.049355 0.092262
305 0.479415 0.489749 0.051091 0.091931
305 0.439360 0.495701 0.051835 0.096561
305 0.404142 0.497685 0.062748 0.096561
201 0.339782 0.449735 0.055556 0.085317
201 0.293899 0.454696 0.052579 0.091270
201 0.250000 0.457672 0.054067 0.089286
201 0.203993 0.463459 0.055804 0.090939
260 0.157118 0.468419 0.055804 0.089616
260 0.106399 0.470238 0.058036 0.096561
260 0.057540 0.473214 0.060516 0.102513
61 0.218750 0.570767 0.053571 0.095238
315 0.262649 0.565972 0.052579 0.093585
315 0.302703 0.560020 0.052827 0.090939
315 0.343626 0.551422 0.052827 0.089616
164 0.346726 0.654927 0.073413 0.116071
214 0.194320 0.691964 0.055804 0.093585
214 0.144469 0.699735 0.057788 0.098545
214 0.092758 0.711640 0.066468 0.099868
85 0.333953 0.807209 0.072669 0.127646
85 0.383681 0.776951 0.076389 0.085648
205 0.535094 0.753472 0.068204 0.157077
205 0.587922 0.743717 0.061756 0.149471
218 0.635789 0.729167 0.062748 0.140873
218 0.682664 0.722388 0.062748 0.137235
218 0.724578 0.707672 0.058780 0.136243
197 0.763641 0.704696 0.055556 0.115741
197 0.806300 0.691964 0.045635 0.121362
23 0.835938 0.678241 0.062748 0.113095
23 0.870040 0.670470 0.053571 0.105489
34 0.908234 0.659722 0.053571 0.113095
34 0.935516 0.654762 0.052579 0.108466
342 0.943328 0.532738 0.055804 0.096561
342 0.908234 0.534722 0.053571 0.096561
187 0.873016 0.541667 0.055556 0.105159
187 0.839782 0.551422 0.055556 0.098876
181 0.798859 0.556217 0.053571 0.105159
181 0.758681 0.563161 0.053571 0.105159
181 0.720610 0.567956 0.055804 0.105489
97 0.670759 0.577712 0.062748 0.113095
97 0.628844 0.589451 0.062748 0.113426
97 0.585938 0.595238 0.058780 0.108466
145 0.540055 0.611938 0.055804 0.105489
145 0.498016 0.618717 0.055556 0.108466
164 0.453125 0.623677 0.058532 0.115741
164 0.407118 0.637235 0.063740 0.116402
355 0.651290 0.328208 0.043651 0.092923
355 0.682788 0.327381 0.042659 0.090608
355 0.714658 0.325397 0.045387 0.088624
355 0.744668 0.323413 0.041915 0.088624
121 0.892733 0.299769 0.043899 0.104828
121 0.859871 0.300595 0.052579 0.107804
30 0.817832 0.304067 0.057788 0.111442
30 0.782986 0.306713 0.045635 0.111442
130 0.937128 0.298611 0.049355 0.099206
130 0.968502 0.297619 0.042659 0.097884
15 0.093378 0.830026 0.064236 0.122354
15 0.148065 0.856812 0.066964 0.109127
35 0.219742 0.870866 0.065972 0.124008
35 0.276042 0.838294 0.068452 0.151455
268 0.171131 0.558697 0.039187 0.053241
268 0.173983 0.593419 0.035466 0.049272
268 0.140005 0.599041 0.041419 0.049272
268 0.133185 0.565642 0.040179 0.053241
186 0.100198 0.604663 0.040675 0.050595
186 0.067584 0.608631 0.042411 0.052579
186 0.059524 0.572255 0.045635 0.053241
355 0.235863 0.319775 0.051091 0.089286
355 0.189608 0.321759 0.055804 0.089286
61 0.139013 0.323578 0.059772 0.091601
61 0.090402 0.327877 0.059276 0.087632
61 0.038814 0.327877 0.068700 0.093585
261 0.283110 0.319940 0.054812 0.084325
261 0.326885 0.319775 0.050099 0.081349
108 0.386657 0.333664 0.060516 0.097222
108 0.443948 0.332176 0.059028 0.092923
108 0.487847 0.330688 0.045635 0.088624
78 0.533854 0.330853 0.044891 0.082341
78 0.572173 0.327381 0.042163 0.081349
78 0.607019 0.325728 0.044891 0.080026
231 0.961558 0.666997 0.023810 0.042328
231 0.983879 0.658730 0.015377 0.048942
217 0.981771 0.564815 0.024554 0.044312
217 0.960069 0.567626 0.015873 0.049934
