80 0.118832 0.708543 0.181743 0.076382
80 0.115543 0.665829 0.171875 0.075377
80 0.113898 0.621608 0.171875 0.081407
80 0.113898 0.566332 0.176809 0.087437
80 0.264391 0.545729 0.137336 0.064322
80 0.264391 0.598995 0.147204 0.064322
80 0.267681 0.649246 0.147204 0.064322
80 0.267681 0.699497 0.142270 0.066332
232 0.060444 0.047739 0.097862 0.059296
232 0.148849 0.052764 0.095395 0.061307
232 0.061266 0.090452 0.099507 0.054271
232 0.150905 0.093467 0.096217 0.056281
232 0.061266 0.128643 0.096217 0.048241
232 0.148438 0.130151 0.096217 0.045226
232 0.241365 0.100000 0.084704 0.055276
232 0.242188 0.138191 0.086349 0.047236
232 0.312089 0.060804 0.079770 0.055276
232 0.312500 0.102010 0.074013 0.053266
232 0.320312 0.139698 0.084704 0.046231
232 0.399671 0.070352 0.082237 0.056281
232 0.473273 0.072362 0.081414 0.054271
232 0.546464 0.073367 0.081414 0.054271
232 0.545641 0.111558 0.081414 0.052261
232 0.472862 0.111055 0.080592 0.049246
232 0.399671 0.108040 0.082237 0.051256
232 0.396382 0.143216 0.075658 0.043216
232 0.471628 0.143216 0.078125 0.039196
232 0.543586 0.144221 0.074013 0.041206
232 0.614720 0.111055 0.068257 0.039196
232 0.615132 0.145729 0.069079 0.036181
139 0.692845 0.120603 0.051809 0.052261
139 0.744655 0.123116 0.073191 0.051256
139 0.807155 0.126131 0.071546 0.051256
139 0.866776 0.128141 0.069079 0.049246
139 0.866365 0.161307 0.068257 0.043216
139 0.806332 0.158291 0.064967 0.043216
139 0.743832 0.156784 0.073191 0.046231
139 0.692023 0.155779 0.050164 0.046231
213 0.689556 0.215075 0.045230 0.048241
213 0.803043 0.219095 0.073191 0.048241
213 0.861020 0.219598 0.065789 0.047236
213 0.920230 0.220101 0.065789 0.046231
213 0.970806 0.223618 0.058388 0.045226
213 0.972039 0.255276 0.055921 0.044221
213 0.921053 0.254271 0.065789 0.044221
213 0.863487 0.254271 0.069079 0.046231
213 0.802632 0.254271 0.075658 0.046231
213 0.735609 0.252261 0.073191 0.046231
213 0.689145 0.251759 0.042763 0.047236
213 0.688734 0.286935 0.045230 0.047236
213 0.737253 0.286935 0.071546 0.045226
213 0.802220 0.287940 0.073191 0.043216
213 0.862664 0.287437 0.067434 0.042211
213 0.921464 0.286935 0.066612 0.043216
213 0.972451 0.287437 0.055099 0.042211
213 0.738487 0.216583 0.074013 0.049246
72 0.089638 0.200000 0.172697 0.056281
72 0.092516 0.243216 0.176809 0.052261
72 0.096217 0.283417 0.175987 0.050251
72 0.249589 0.206533 0.163651 0.053266
72 0.257812 0.246231 0.163651 0.050251
72 0.258635 0.284925 0.162007 0.047236
72 0.409951 0.211558 0.165296 0.051256
72 0.409951 0.249749 0.153783 0.047236
72 0.410362 0.286432 0.149671 0.046231
72 0.548109 0.214573 0.145559 0.047236
72 0.550987 0.252261 0.144737 0.046231
72 0.550576 0.286432 0.143914 0.044221
193 0.062089 0.424121 0.097862 0.054271
193 0.151316 0.421106 0.093750 0.052261
193 0.235197 0.419598 0.087171 0.053266
193 0.311678 0.417085 0.078947 0.050251
193 0.298931 0.457789 0.055099 0.047236
193 0.233141 0.459296 0.087993 0.048241
193 0.148026 0.460804 0.092105 0.045226
193 0.058799 0.462312 0.097862 0.042211
193 0.396793 0.414573 0.076480 0.049246
193 0.466694 0.412563 0.081414 0.047236
193 0.537829 0.411558 0.077303 0.045226
193 0.607319 0.411055 0.074836 0.044221
193 0.607730 0.445226 0.075658 0.046231
193 0.538240 0.448241 0.078125 0.046231
193 0.466283 0.450754 0.077303 0.047236
193 0.407072 0.453266 0.052632 0.046231
283 0.724507 0.404020 0.111842 0.050251
283 0.724918 0.437186 0.112664 0.040201
283 0.831826 0.432161 0.130757 0.050251
283 0.933799 0.397990 0.132401 0.048241
283 0.967105 0.430653 0.065789 0.041206
275 0.820724 0.511558 0.129934 0.054271
104 0.818668 0.549246 0.129112 0.049246
275 0.819079 0.582412 0.128289 0.049246
275 0.819079 0.615578 0.129934 0.049246
275 0.816201 0.638191 0.122533 0.028141
275 0.713816 0.654271 0.085526 0.044221
275 0.713816 0.622613 0.090461 0.045226
275 0.715049 0.588442 0.092928 0.047236
275 0.717105 0.553769 0.093750 0.044221
275 0.717928 0.515075 0.097039 0.049246
275 0.939556 0.504020 0.117599 0.047236
275 0.940378 0.540704 0.115954 0.048241
275 0.941201 0.572362 0.115954 0.047236
275 0.941201 0.605025 0.114309 0.048241
275 0.941201 0.636181 0.114309 0.048241
80 0.559211 0.533668 0.143092 0.048241
80 0.555510 0.565829 0.140625 0.054271
80 0.557155 0.602010 0.140625 0.056281
80 0.557977 0.637688 0.140625 0.055276
80 0.557977 0.670854 0.140625 0.053266
80 0.422697 0.678392 0.146382 0.038191
80 0.422697 0.650251 0.144737 0.054271
80 0.422697 0.615578 0.143092 0.053266
80 0.422697 0.577387 0.143092 0.055276
80 0.423520 0.538191 0.149671 0.057286
275 0.726562 0.761809 0.112664 0.064322
275 0.727796 0.801005 0.113487 0.050251
275 0.729030 0.837186 0.115954 0.054271
275 0.729852 0.873367 0.117599 0.052261
275 0.846217 0.856281 0.121711 0.050251
275 0.843750 0.823116 0.121711 0.050251
275 0.842928 0.789950 0.121711 0.048241
275 0.838816 0.749246 0.116776 0.055276
275 0.951069 0.737688 0.097862 0.056281
275 0.952303 0.777387 0.095395 0.057286
275 0.953536 0.808543 0.092928 0.049246
275 0.953947 0.841206 0.092105 0.046231
80 0.440378 0.754774 0.132401 0.062312
80 0.440378 0.790955 0.132401 0.050251
80 0.446546 0.836181 0.144737 0.066332
80 0.446546 0.883920 0.144737 0.065327
80 0.446957 0.916583 0.145559 0.056281
80 0.570312 0.738191 0.124178 0.051256
80 0.585526 0.780905 0.126645 0.066332
80 0.585115 0.823618 0.125822 0.057286
80 0.587993 0.860804 0.131579 0.059296
80 0.589227 0.891960 0.130757 0.051256
80 0.584293 0.912060 0.122533 0.023116
80 0.114720 0.840201 0.171875 0.080402
80 0.117599 0.884925 0.166118 0.065327
80 0.118832 0.924121 0.165296 0.065327
80 0.121299 0.962312 0.165296 0.059296
80 0.282072 0.822111 0.157895 0.074372
80 0.282072 0.869849 0.151316 0.063317
80 0.282072 0.905025 0.151316 0.051256
80 0.282895 0.942211 0.146382 0.055276
139 0.918586 0.156281 0.059211 0.031156
139 0.974918 0.159296 0.048520 0.037186
