239 0.064360 0.197090 0.055804 0.091931
239 0.090650 0.199074 0.045883 0.091931
239 0.126860 0.202050 0.051835 0.095238
307 0.183532 0.156085 0.039683 0.083333
307 0.218626 0.156085 0.042907 0.080688
307 0.255704 0.162864 0.038194 0.067130
307 0.283978 0.163856 0.036706 0.064484
307 0.312376 0.168816 0.030506 0.053241
188 0.346602 0.223545 0.040923 0.070106
188 0.312376 0.222388 0.036458 0.065146
307 0.260541 0.223545 0.049355 0.062169
307 0.220610 0.223545 0.036458 0.058862
307 0.186384 0.223545 0.035466 0.058862
280 0.386657 0.225529 0.034722 0.062169
280 0.412946 0.225364 0.034226 0.066468
280 0.443204 0.223545 0.034226 0.074074
96 0.482267 0.234292 0.050843 0.056548
96 0.530134 0.240079 0.045883 0.046958
96 0.576017 0.241071 0.045883 0.048280
208 0.634673 0.236111 0.057540 0.058862
208 0.685392 0.236276 0.047371 0.056548
33 0.925719 0.225364 0.086558 0.106151
0 0.757688 0.412864 0.045635 0.053241
0 0.711806 0.413029 0.042659 0.052910
345 0.562376 0.408896 0.042907 0.053241
345 0.522321 0.406911 0.036210 0.056548
73 0.605283 0.328704 0.043403 0.048942
73 0.555556 0.326885 0.043155 0.050595
204 0.506696 0.324074 0.042163 0.052910
204 0.461806 0.322255 0.045635 0.056548
264 0.412078 0.320106 0.045883 0.058862
264 0.371900 0.312335 0.039931 0.043981
157 0.328993 0.315146 0.042907 0.054233
231 0.284102 0.315311 0.042907 0.056548
217 0.232267 0.314319 0.045883 0.056548
284 0.191220 0.314319 0.039187 0.056548
284 0.145337 0.310351 0.050595 0.059854
265 0.082837 0.310516 0.054563 0.062169
33 0.854911 0.228671 0.054067 0.092262
143 0.777654 0.507440 0.068204 0.041336
143 0.821305 0.500827 0.073165 0.041336
333 0.626116 0.495536 0.041915 0.064484
333 0.666047 0.496362 0.041419 0.066799
316 0.714162 0.511574 0.061260 0.038360
52 0.393849 0.496693 0.049107 0.051587
52 0.443080 0.494378 0.046875 0.056217
52 0.487475 0.494709 0.045883 0.056217
244 0.534970 0.494874 0.048115 0.059193
244 0.579985 0.498677 0.045883 0.053571
38 0.559152 0.606647 0.027530 0.075728
38 0.533606 0.606316 0.030010 0.075066
38 0.505208 0.606316 0.028770 0.075066
38 0.479291 0.606316 0.030506 0.075066
21 0.590030 0.607474 0.028274 0.076058
21 0.613591 0.607308 0.032738 0.075728
21 0.641989 0.607474 0.031002 0.076058
21 0.669147 0.607474 0.030258 0.076058
39 0.703249 0.607804 0.032490 0.076720
39 0.744172 0.609292 0.034970 0.074405
39 0.773313 0.609292 0.034722 0.074405
243 0.835938 0.626819 0.086062 0.042659
132 0.738715 0.726025 0.048363 0.048611
132 0.784474 0.733300 0.049603 0.036045
132 0.834325 0.732639 0.061012 0.037368
132 0.841766 0.693618 0.058532 0.049934
132 0.784474 0.693122 0.064980 0.048942
132 0.737227 0.685185 0.038938 0.035053
132 0.716394 0.689649 0.004216 0.034722
92 0.716394 0.731481 0.004216 0.032407
92 0.805928 0.747685 0.006696 0.007275
271 0.612103 0.730159 0.041171 0.037037
271 0.614335 0.692791 0.045635 0.044312
271 0.650670 0.731151 0.042411 0.034392
271 0.656126 0.692956 0.045387 0.044643
271 0.694444 0.693618 0.041667 0.045966
271 0.691096 0.731481 0.047371 0.033730
349 0.530134 0.687004 0.042411 0.054563
349 0.569072 0.679398 0.038442 0.040675
349 0.569196 0.723049 0.038690 0.049934
349 0.529886 0.730489 0.039931 0.034392
349 0.489087 0.679067 0.039187 0.041997
296 0.448041 0.678737 0.038938 0.041336
296 0.405382 0.686177 0.045387 0.054233
296 0.407862 0.729993 0.040923 0.038029
296 0.448041 0.723876 0.041915 0.049603
349 0.489087 0.724041 0.040675 0.049934
12 0.457341 0.811343 0.040179 0.051257
12 0.497520 0.810847 0.039187 0.051587
12 0.457217 0.855324 0.039931 0.039352
12 0.497520 0.853671 0.039187 0.038690
86 0.744048 0.859954 0.052083 0.036045
86 0.747148 0.820767 0.058284 0.044974
86 0.798115 0.823578 0.061508 0.050595
86 0.792163 0.860780 0.054067 0.035053
86 0.842386 0.860119 0.057788 0.037698
86 0.846850 0.820933 0.052331 0.045304
246 0.688988 0.852513 0.053075 0.050265
329 0.163318 0.703042 0.048363 0.091270
329 0.214782 0.700893 0.062004 0.091601
62 0.264509 0.705026 0.049355 0.085979
62 0.313244 0.701389 0.051091 0.091931
62 0.361979 0.702050 0.048859 0.092593
338 0.181672 0.799438 0.104911 0.068452
338 0.182664 0.848214 0.106895 0.060185
84 0.285714 0.852183 0.102183 0.042989
84 0.285590 0.805390 0.107887 0.055886
207 0.360863 0.812004 0.050595 0.053902
207 0.359623 0.854332 0.037202 0.038029
207 0.400174 0.854332 0.045387 0.039352
207 0.400174 0.808697 0.043403 0.055225
152 0.276414 0.572090 0.047867 0.054894
152 0.276042 0.620205 0.048115 0.042659
152 0.233011 0.573743 0.056300 0.062169
152 0.235119 0.620205 0.049107 0.042659
109 0.188120 0.620536 0.053323 0.040675
109 0.182912 0.573743 0.058780 0.062169
109 0.140625 0.619874 0.048115 0.042659
109 0.133061 0.573413 0.056300 0.054233
3 0.432912 0.611111 0.050347 0.064153
3 0.380704 0.608962 0.056052 0.067130
3 0.329117 0.606812 0.056548 0.070767
250 0.120288 0.496362 0.043155 0.043651
250 0.155134 0.496362 0.039435 0.042989
250 0.185764 0.497189 0.033234 0.041336
355 0.739955 0.221230 0.073661 0.103836
235 0.808160 0.224372 0.057788 0.104828
66 0.821553 0.426753 0.050347 0.040013
66 0.877728 0.425926 0.059524 0.038360
92 0.623388 0.414021 0.034474 0.052249
92 0.592510 0.415179 0.025794 0.046627
