143 0.145337 0.202877 0.049603 0.033399
143 0.194196 0.202050 0.054563 0.034392
333 0.243056 0.188327 0.045635 0.059854
52 0.305432 0.190311 0.071677 0.043320
52 0.309524 0.144345 0.110615 0.033399
52 0.355283 0.142526 0.062252 0.030423
21 0.360243 0.176587 0.034970 0.060185
21 0.382688 0.174603 0.036706 0.062169
21 0.417907 0.175595 0.034226 0.062169
21 0.437376 0.178571 0.031498 0.060185
280 0.505704 0.169808 0.025298 0.042659
280 0.536954 0.168816 0.034226 0.042659
280 0.568328 0.169643 0.029514 0.041667
188 0.603423 0.169808 0.032242 0.045304
188 0.630704 0.170800 0.034226 0.051257
239 0.668899 0.156085 0.028274 0.066138
239 0.697049 0.163856 0.030506 0.077712
239 0.727431 0.156085 0.037202 0.091931
307 0.763517 0.168816 0.032986 0.053241
307 0.792783 0.168816 0.050843 0.063161
307 0.801711 0.108300 0.057788 0.061177
307 0.761657 0.102348 0.025298 0.053241
307 0.834821 0.085813 0.035714 0.020833
11 0.852431 0.147321 0.062500 0.108135
239 0.686384 0.082837 0.033482 0.079696
188 0.634549 0.097388 0.045883 0.045304
280 0.566344 0.115079 0.030506 0.072090
265 0.686384 0.319114 0.045883 0.058862
157 0.733259 0.320106 0.045883 0.062169
264 0.636657 0.320106 0.049603 0.056878
264 0.598462 0.320106 0.039187 0.055556
204 0.561508 0.319114 0.039187 0.054233
231 0.520461 0.319279 0.042907 0.056548
284 0.487227 0.317295 0.024554 0.047950
73 0.383681 0.317295 0.037202 0.047950
217 0.312376 0.314153 0.034474 0.043651
217 0.309400 0.267361 0.045883 0.056548
73 0.408978 0.258598 0.034226 0.041667
284 0.524306 0.253803 0.045635 0.039352
204 0.443204 0.318287 0.033730 0.053241
73 0.393353 0.318287 0.053571 0.047950
12 0.318576 0.382275 0.035962 0.048942
207 0.250992 0.382275 0.023810 0.043651
12 0.210317 0.370536 0.051091 0.024802
12 0.159846 0.369213 0.052331 0.026124
12 0.151662 0.390212 0.031994 0.023148
12 0.194320 0.394511 0.051339 0.027116
12 0.176215 0.424107 0.041419 0.047950
12 0.145709 0.422784 0.039435 0.048611
207 0.234623 0.426091 0.040675 0.048611
207 0.259425 0.429233 0.031746 0.047619
0 0.309896 0.431713 0.053819 0.046627
345 0.422495 0.387731 0.040427 0.040675
345 0.416047 0.438657 0.029018 0.035384
345 0.394469 0.436673 0.021081 0.035384
345 0.444320 0.438823 0.026042 0.040344
345 0.470982 0.440972 0.028770 0.041997
92 0.507316 0.439815 0.028026 0.048942
92 0.533482 0.444940 0.026290 0.041997
92 0.560516 0.446594 0.031250 0.040675
92 0.589286 0.446594 0.027282 0.043320
38 0.532738 0.547288 0.029762 0.078042
38 0.553447 0.543651 0.029514 0.078704
38 0.574157 0.539187 0.022321 0.075066
38 0.595114 0.551753 0.029514 0.082341
38 0.625248 0.554894 0.028274 0.084656
296 0.674727 0.561839 0.045883 0.056217
296 0.713666 0.579034 0.042907 0.049603
329 0.698909 0.669643 0.054563 0.085979
329 0.751488 0.670966 0.054563 0.093915
109 0.811756 0.704530 0.065476 0.088294
86 0.649802 0.628638 0.048611 0.041005
86 0.647197 0.666667 0.050843 0.055556
86 0.545883 0.617890 0.044643 0.041997
86 0.546503 0.663194 0.041419 0.057870
86 0.579489 0.672123 0.036954 0.049934
86 0.590526 0.627480 0.047123 0.054563
152 0.460069 0.608631 0.033730 0.039352
152 0.494048 0.614418 0.036210 0.048280
152 0.484127 0.670800 0.035714 0.034061
152 0.450273 0.667989 0.030506 0.032407
3 0.443080 0.523644 0.051835 0.025463
3 0.443948 0.542493 0.050595 0.025463
3 0.442708 0.562500 0.048611 0.024471
3 0.488467 0.544147 0.048859 0.037368
3 0.488219 0.567956 0.044891 0.025463
233 0.179936 0.484788 0.019097 0.042328
233 0.202629 0.484458 0.030754 0.041667
233 0.222098 0.484127 0.013145 0.041005
233 0.203745 0.525463 0.030010 0.042328
233 0.182664 0.523479 0.014137 0.038360
250 0.229291 0.526951 0.024058 0.042659
250 0.254712 0.528604 0.027282 0.045304
250 0.246900 0.485119 0.027034 0.041667
250 0.274182 0.484292 0.025546 0.039352
243 0.307416 0.535714 0.079117 0.048942
243 0.331845 0.491567 0.073413 0.043981
109 0.382688 0.539187 0.073413 0.052579
109 0.404762 0.535880 0.030754 0.048611
271 0.355531 0.588294 0.025546 0.029762
271 0.322545 0.589616 0.042411 0.038360
271 0.310516 0.630126 0.039683 0.049272
92 0.330233 0.631944 0.003720 0.041005
349 0.408606 0.650628 0.031994 0.045966
349 0.410094 0.606812 0.029018 0.051587
349 0.386285 0.595899 0.030506 0.040344
349 0.382564 0.637401 0.028522 0.049272
96 0.163442 0.618552 0.042163 0.043320
96 0.200273 0.618552 0.023065 0.045966
271 0.240451 0.622354 0.036954 0.047619
235 0.316096 0.730159 0.046875 0.080688
235 0.266865 0.734127 0.052579 0.078042
33 0.210938 0.726190 0.054315 0.084656
33 0.177083 0.712302 0.050099 0.076720
208 0.397693 0.780919 0.029018 0.053902
208 0.364831 0.773975 0.033234 0.051918
132 0.434400 0.796627 0.049851 0.052910
132 0.437624 0.749339 0.051835 0.055556
132 0.490947 0.791832 0.046875 0.059193
204 0.348586 0.315311 0.037450 0.047950
