62 0.187376 0.783896 0.045883 0.073082
62 0.231275 0.784061 0.049355 0.076058
338 0.290799 0.790840 0.069692 0.049272
338 0.296751 0.750827 0.081597 0.042659
246 0.369916 0.749008 0.045883 0.041667
338 0.370660 0.792659 0.045883 0.034392
246 0.404142 0.745040 0.038442 0.034392
132 0.443204 0.749835 0.042659 0.036706
132 0.446181 0.792659 0.045635 0.041667
132 0.487103 0.750827 0.037202 0.036706
132 0.487103 0.795800 0.037202 0.036706
235 0.605407 0.776951 0.039683 0.057870
235 0.646329 0.776951 0.042659 0.057870
33 0.693328 0.785053 0.045883 0.039683
33 0.736235 0.783896 0.045883 0.037368
33 0.742063 0.736111 0.051587 0.039021
33 0.702009 0.736111 0.045883 0.041667
271 0.659102 0.681382 0.039931 0.036706
271 0.612227 0.683366 0.035466 0.034061
271 0.613219 0.651124 0.035466 0.034392
271 0.645337 0.648313 0.027282 0.034061
271 0.671751 0.648313 0.034474 0.034061
96 0.707837 0.650298 0.034226 0.034061
96 0.740079 0.648313 0.030258 0.034061
96 0.742063 0.684358 0.034226 0.034061
96 0.706845 0.681548 0.034226 0.034392
271 0.672743 0.680390 0.036954 0.033399
233 0.702009 0.498843 0.039931 0.059854
233 0.672619 0.511409 0.034226 0.037368
233 0.640501 0.513393 0.039931 0.037368
233 0.640501 0.478340 0.034474 0.039352
233 0.674603 0.477348 0.032242 0.039352
217 0.209573 0.262235 0.029762 0.028439
217 0.207217 0.307374 0.033482 0.033399
284 0.169767 0.266865 0.037946 0.048280
284 0.139261 0.267196 0.031994 0.046958
284 0.137649 0.312004 0.039187 0.043981
284 0.172743 0.307374 0.034474 0.033399
157 0.243304 0.311839 0.033730 0.041667
239 0.316096 0.253638 0.024058 0.048280
239 0.298363 0.255787 0.016369 0.043320
239 0.316592 0.303406 0.025050 0.057209
239 0.295263 0.302579 0.023562 0.058862
239 0.273438 0.303406 0.026042 0.057209
188 0.342386 0.309358 0.020089 0.046627
188 0.362475 0.308366 0.023065 0.047950
307 0.385293 0.308036 0.024554 0.045966
307 0.408358 0.307870 0.023562 0.044974
307 0.427579 0.309358 0.017857 0.041997
307 0.427455 0.262897 0.018105 0.053571
307 0.407614 0.260913 0.024554 0.058201
307 0.384673 0.258929 0.024306 0.055556
188 0.362723 0.259755 0.023562 0.055225
188 0.343378 0.265873 0.018105 0.042328
280 0.449653 0.260086 0.019841 0.047288
280 0.469618 0.255456 0.022073 0.055886
280 0.491195 0.255291 0.020585 0.056878
280 0.491939 0.305886 0.019097 0.046296
280 0.472346 0.305225 0.021577 0.048942
280 0.451265 0.305556 0.021577 0.046958
244 0.524306 0.268519 0.037698 0.046958
244 0.523686 0.310351 0.037946 0.038029
52 0.563740 0.266204 0.038194 0.049603
52 0.563120 0.309028 0.037450 0.039352
52 0.599330 0.266369 0.036954 0.047288
52 0.599330 0.309028 0.036458 0.039352
333 0.636781 0.303737 0.031498 0.050595
143 0.677827 0.284061 0.055060 0.031085
143 0.682168 0.313327 0.055308 0.028108
11 0.719990 0.285053 0.033234 0.083333
11 0.757564 0.282407 0.046379 0.087963
250 0.532614 0.482143 0.026042 0.037698
250 0.533110 0.516204 0.023065 0.031746
250 0.556548 0.477679 0.021825 0.034722
250 0.560268 0.513889 0.026786 0.040344
250 0.574157 0.478505 0.032738 0.038360
250 0.581721 0.514550 0.018105 0.038360
250 0.603051 0.477679 0.028522 0.039352
250 0.603051 0.514054 0.025546 0.037368
207 0.436756 0.477348 0.033730 0.041336
207 0.472842 0.476687 0.036458 0.036706
236 0.504588 0.487269 0.032490 0.023479
236 0.504588 0.515542 0.033978 0.035053
207 0.471230 0.513724 0.033234 0.041336
207 0.436756 0.515377 0.035714 0.038690
12 0.402158 0.515377 0.034474 0.039352
12 0.368428 0.516700 0.028522 0.037368
243 0.186632 0.491898 0.087550 0.040013
243 0.187252 0.524306 0.074405 0.031415
0 0.234995 0.516534 0.024554 0.042989
0 0.256200 0.515212 0.019841 0.044974
82 0.281374 0.485284 0.030506 0.038690
82 0.284598 0.520172 0.030010 0.034392
82 0.315476 0.484623 0.024802 0.037368
82 0.312376 0.519841 0.026042 0.034392
82 0.337054 0.519015 0.026290 0.035384
82 0.341022 0.484127 0.026290 0.037698
265 0.144965 0.374173 0.041419 0.047950
265 0.150422 0.413856 0.034474 0.032077
204 0.249256 0.418155 0.031746 0.040013
204 0.278274 0.417824 0.029762 0.040013
264 0.308532 0.416997 0.029266 0.041667
204 0.246280 0.373677 0.030754 0.043651
204 0.275670 0.373512 0.032490 0.044643
264 0.308656 0.372520 0.031994 0.045966
38 0.478919 0.587798 0.020833 0.061177
38 0.499876 0.588790 0.023065 0.057870
38 0.519221 0.588294 0.024554 0.058862
38 0.541419 0.587302 0.023810 0.059524
38 0.562500 0.586475 0.022817 0.063823
3 0.598586 0.556548 0.039931 0.023148
3 0.600446 0.576389 0.043155 0.021825
3 0.598958 0.590608 0.040179 0.023148
3 0.598710 0.605985 0.038690 0.019511
3 0.636409 0.605324 0.038194 0.020172
3 0.636781 0.591766 0.037946 0.022156
3 0.637649 0.575893 0.036210 0.021495
3 0.639509 0.558697 0.032490 0.019511
349 0.543403 0.647983 0.030754 0.026786
349 0.574157 0.647983 0.031250 0.026786
349 0.542287 0.679729 0.029018 0.021495
349 0.570685 0.679398 0.026290 0.020833
152 0.476935 0.658565 0.032242 0.041997
152 0.477059 0.691964 0.031994 0.029431
152 0.508557 0.690476 0.031994 0.032407
349 0.510169 0.656911 0.028770 0.038690
86 0.359995 0.653770 0.041419 0.041005
86 0.400174 0.655754 0.042907 0.041005
86 0.438120 0.650132 0.034474 0.035714
86 0.439112 0.684193 0.032986 0.035714
86 0.393353 0.689980 0.028770 0.028108
86 0.364211 0.688657 0.030010 0.031415
109 0.313492 0.660218 0.031746 0.039352
109 0.280630 0.661045 0.038938 0.041667
109 0.282366 0.696098 0.031994 0.028439
109 0.313368 0.694940 0.032490 0.030093
329 0.201885 0.679398 0.044643 0.069775
329 0.240203 0.678902 0.039931 0.068122
212 0.313988 0.596726 0.025298 0.036045
212 0.336806 0.599702 0.022817 0.028108
345 0.360987 0.603671 0.021577 0.035384
345 0.385169 0.603671 0.022321 0.033399
246 0.326513 0.617229 0.045387 0.007606
296 0.415551 0.597884 0.032490 0.029101
296 0.416419 0.560516 0.033730 0.031746
296 0.449777 0.561673 0.032986 0.029431
296 0.447793 0.598049 0.033482 0.028108
208 0.569940 0.752149 0.023810 0.041997
208 0.539559 0.757937 0.025546 0.042328
208 0.569444 0.791997 0.024802 0.040344
208 0.537946 0.796627 0.024802 0.037037
73 0.183904 0.375496 0.031994 0.045966
73 0.184400 0.414352 0.032986 0.031746
231 0.215030 0.413690 0.031746 0.031746
257 0.225198 0.351025 0.011409 0.010913
246 0.401538 0.793651 0.039187 0.034392
21 0.732763 0.588624 0.019097 0.066138
21 0.712674 0.583333 0.021577 0.062169
21 0.694196 0.585648 0.022817 0.058201
21 0.750248 0.586640 0.015873 0.068783
