219 0.051625 0.171333 0.043750 0.102667
219 0.094500 0.175167 0.049500 0.095000
219 0.135625 0.177000 0.049250 0.094667
219 0.170750 0.181000 0.043000 0.088000
151 0.208750 0.207000 0.046500 0.039333
151 0.240125 0.181000 0.037250 0.088000
151 0.274250 0.179000 0.038000 0.095333
151 0.311250 0.178167 0.043000 0.097667
355 0.655000 0.364667 0.038000 0.074000
137 0.618000 0.389167 0.032000 0.053000
142 0.561250 0.387167 0.038000 0.064333
142 0.522250 0.386167 0.040000 0.064333
222 0.484125 0.383167 0.040250 0.064333
222 0.450875 0.384167 0.038750 0.063667
192 0.415875 0.384167 0.040250 0.063667
192 0.378750 0.385167 0.040500 0.067000
111 0.378750 0.490667 0.033000 0.067333
111 0.409250 0.490667 0.025500 0.066667
111 0.436250 0.490500 0.030000 0.065000
178 0.591625 0.480833 0.031250 0.075667
160 0.380625 0.572667 0.035250 0.076667
160 0.419750 0.572500 0.040500 0.075667
160 0.472500 0.573500 0.040500 0.075667
160 0.506625 0.572667 0.040250 0.077333
160 0.551500 0.571667 0.035000 0.074000
160 0.582750 0.571667 0.034000 0.074000
160 0.610125 0.566833 0.036750 0.075667
160 0.613000 0.646833 0.033000 0.073667
160 0.578000 0.651833 0.033000 0.073667
160 0.553500 0.647833 0.031000 0.075667
160 0.522250 0.651833 0.035000 0.073667
160 0.495000 0.650833 0.036000 0.073667
160 0.467500 0.651833 0.033000 0.073667
160 0.378750 0.657667 0.033000 0.077333
215 0.794750 0.550167 0.043500 0.054333
215 0.831875 0.552167 0.042250 0.054333
215 0.868875 0.552167 0.042250 0.053000
56 0.836750 0.629333 0.052000 0.058000
56 0.786875 0.631333 0.036750 0.066667
259 0.755625 0.631333 0.040250 0.066667
266 0.717500 0.631333 0.035000 0.069333
169 0.692250 0.641000 0.038000 0.058000
169 0.654125 0.641000 0.039250 0.059333
229 0.760500 0.732833 0.049500 0.083000
229 0.794750 0.733833 0.049500 0.088333
124 0.828875 0.730833 0.038750 0.083000
298 0.867000 0.733667 0.043500 0.082667
63 0.737000 0.843167 0.054500 0.090333
63 0.692125 0.830500 0.042750 0.071667
63 0.659000 0.831500 0.041000 0.071667
160 0.529125 0.768000 0.043250 0.088000
171 0.576000 0.765000 0.038000 0.082667
171 0.609125 0.766000 0.034750 0.085333
171 0.551500 0.766000 0.038000 0.088000
100 0.307500 0.879333 0.038500 0.088000
100 0.274250 0.876333 0.035000 0.069333
100 0.242000 0.883167 0.037500 0.075667
100 0.212625 0.887167 0.034250 0.081000
100 0.176625 0.889000 0.037250 0.082667
100 0.139375 0.889000 0.038250 0.074000
100 0.108250 0.892833 0.035000 0.075667
100 0.080875 0.893833 0.034250 0.075667
100 0.113125 0.805167 0.037250 0.075667
100 0.139375 0.802167 0.037250 0.075667
100 0.175500 0.799333 0.036000 0.070667
100 0.211750 0.796333 0.034000 0.074000
100 0.240000 0.792333 0.036500 0.069333
100 0.274250 0.789333 0.035000 0.070667
100 0.309375 0.789500 0.032750 0.073667
100 0.075000 0.804000 0.040500 0.082667
355 0.657000 0.568000 0.052000 0.031333
355 0.655250 0.537667 0.053000 0.036000
309 0.885125 0.474333 0.047750 0.031333
309 0.884875 0.444500 0.053750 0.039667
309 0.836000 0.475667 0.056000 0.037333
309 0.836000 0.444000 0.052500 0.037333
137 0.592375 0.387000 0.029250 0.051333
160 0.409125 0.654167 0.032750 0.078333
160 0.438125 0.657333 0.022250 0.080000
171 0.412750 0.865667 0.034500 0.090000
171 0.435375 0.853833 0.033250 0.086333
171 0.462250 0.855667 0.034500 0.085333
171 0.487625 0.863000 0.021750 0.080000
171 0.607375 0.857667 0.025750 0.066667
171 0.576875 0.855833 0.033250 0.069000
171 0.553375 0.860667 0.032750 0.066000
171 0.527375 0.860667 0.032750 0.061333
100 0.215875 0.700833 0.044250 0.074333
100 0.250125 0.696167 0.032750 0.083667
100 0.283500 0.696167 0.038000 0.093000
100 0.303000 0.703167 0.028500 0.079000
341 0.071000 0.291500 0.064500 0.108333
272 0.332000 0.298667 0.043500 0.090000
272 0.302875 0.297833 0.038250 0.097667
341 0.260375 0.295167 0.045250 0.087667
341 0.214125 0.288833 0.059250 0.103000
341 0.157500 0.292833 0.049500 0.093667
341 0.122750 0.289000 0.039000 0.110667
141 0.071750 0.427667 0.049500 0.100667
141 0.112250 0.429833 0.046000 0.107667
141 0.149125 0.424833 0.044250 0.097667
340 0.283375 0.420500 0.052750 0.103000
340 0.331000 0.422833 0.040000 0.098333
304 0.324625 0.552333 0.029750 0.086667
304 0.290750 0.552167 0.043000 0.103667
304 0.243625 0.539333 0.033750 0.076667
304 0.214500 0.543333 0.039000 0.081333
304 0.183750 0.542000 0.029000 0.077333
304 0.147875 0.542500 0.037250 0.070333
304 0.111750 0.547333 0.047000 0.095333
304 0.077750 0.545333 0.029000 0.080667
200 0.356750 0.157333 0.042500 0.054667
200 0.399625 0.160667 0.042250 0.052000
200 0.356625 0.204667 0.040750 0.044000
200 0.400125 0.205667 0.040250 0.040000
339 0.445500 0.159000 0.041000 0.053333
339 0.445500 0.205000 0.042000 0.041333
339 0.487875 0.160833 0.042250 0.051667
339 0.486625 0.206167 0.040250 0.043000
71 0.526750 0.152500 0.042500 0.057667
71 0.526750 0.203833 0.041500 0.046333
189 0.752875 0.535500 0.045750 0.035000
27 0.752250 0.563833 0.045000 0.025667
27 0.704625 0.555500 0.043750 0.043667
87 0.657625 0.445167 0.040750 0.033000
87 0.697875 0.445167 0.040750 0.033000
87 0.657750 0.474333 0.040000 0.025333
87 0.698000 0.474333 0.039500 0.025333
173 0.743250 0.443667 0.046000 0.033333
173 0.788500 0.444333 0.046500 0.032667
173 0.788500 0.473500 0.046000 0.027000
173 0.743375 0.473500 0.045750 0.027000
174 0.693375 0.351500 0.045750 0.034333
174 0.693375 0.381333 0.045750 0.026667
297 0.743875 0.350333 0.045250 0.034000
297 0.743625 0.380333 0.046750 0.026667
297 0.793250 0.350833 0.046500 0.034333
297 0.793250 0.380667 0.046000 0.026000
46 0.841125 0.351167 0.047250 0.033667
46 0.841250 0.380833 0.046000 0.025667
46 0.885875 0.351000 0.045250 0.033333
46 0.885875 0.380833 0.044250 0.026333
89 0.663000 0.294500 0.031500 0.036333
89 0.694375 0.294667 0.031250 0.036000
83 0.724875 0.294833 0.032250 0.036333
83 0.754625 0.294833 0.030250 0.036333
122 0.793500 0.301167 0.040000 0.023667
122 0.790375 0.274500 0.044250 0.031000
203 0.770625 0.294667 0.005250 0.036000
64 0.380625 0.289333 0.049250 0.076667
64 0.427375 0.289500 0.047750 0.076333
103 0.465750 0.297167 0.026000 0.059667
103 0.490750 0.297167 0.026500 0.059667
225 0.520875 0.297000 0.027750 0.061333
225 0.547625 0.297667 0.026750 0.059333
196 0.576250 0.297500 0.026500 0.061000
196 0.604750 0.297500 0.026000 0.061000
325 0.565750 0.486333 0.021000 0.059333
325 0.545375 0.486333 0.020250 0.060000
325 0.524875 0.486500 0.020750 0.059667
325 0.504000 0.486500 0.020000 0.059667
146 0.481125 0.486500 0.021750 0.059667
178 0.460375 0.486500 0.016750 0.060333
49 0.186250 0.423333 0.037000 0.088000
49 0.213375 0.423000 0.027750 0.087333
49 0.238375 0.423167 0.034250 0.087667
259 0.638625 0.749000 0.026750 0.056667
259 0.665500 0.748833 0.030500 0.056333
282 0.866875 0.859167 0.047750 0.063667
282 0.808625 0.848667 0.061250 0.057333
282 0.794625 0.861167 0.044250 0.048333
229 0.703375 0.722500 0.047750 0.092333
