92 0.093626 0.638558 0.038938 0.041667
92 0.163938 0.641369 0.065476 0.056548
92 0.128844 0.630622 0.046875 0.041667
212 0.203001 0.634755 0.043403 0.056548
212 0.238219 0.634590 0.042907 0.052910
345 0.272445 0.634590 0.038938 0.045635
345 0.303571 0.630787 0.053571 0.047950
92 0.302579 0.580853 0.057540 0.042659
38 0.451017 0.586640 0.031498 0.070767
38 0.494048 0.589616 0.028274 0.068783
3 0.533110 0.584821 0.045883 0.066468
3 0.580977 0.586806 0.043899 0.056548
39 0.634549 0.602513 0.038938 0.086640
39 0.668775 0.605324 0.036458 0.080357
3 0.582837 0.630622 0.078373 0.041667
3 0.530258 0.634590 0.053571 0.041667
349 0.649306 0.680556 0.038194 0.027778
96 0.787946 0.672784 0.037202 0.034722
96 0.841642 0.676587 0.042907 0.041667
96 0.858259 0.727348 0.039931 0.049934
96 0.822049 0.727348 0.045883 0.053241
271 0.782118 0.724372 0.042907 0.056548
271 0.736235 0.727348 0.050843 0.056548
271 0.690352 0.717593 0.038938 0.048280
349 0.649306 0.724372 0.042659 0.053241
349 0.605283 0.717593 0.037450 0.045635
349 0.570188 0.717593 0.034226 0.041667
132 0.522321 0.816303 0.050595 0.056548
132 0.568204 0.816303 0.050595 0.047950
208 0.618056 0.809358 0.042659 0.061839
208 0.621900 0.873843 0.050843 0.059854
235 0.674107 0.854993 0.053571 0.077712
235 0.724454 0.845569 0.059524 0.087963
243 0.123636 0.467923 0.127232 0.052910
243 0.123636 0.510582 0.112847 0.034392
66 0.215526 0.509094 0.062996 0.036706
66 0.216146 0.467923 0.061756 0.048280
82 0.270833 0.506283 0.040179 0.049603
82 0.308036 0.505291 0.038690 0.050265
82 0.342262 0.505126 0.033234 0.049272
207 0.434896 0.516865 0.049851 0.026455
207 0.434648 0.488426 0.050347 0.030423
207 0.434896 0.461475 0.046875 0.026786
207 0.386285 0.516534 0.051339 0.026455
207 0.386037 0.490410 0.051835 0.030423
207 0.386037 0.462632 0.051339 0.029101
12 0.530506 0.449901 0.046627 0.051257
12 0.531250 0.500165 0.044643 0.050595
12 0.485243 0.499339 0.045883 0.052249
236 0.482515 0.450231 0.043403 0.049934
250 0.574405 0.504464 0.033234 0.040675
250 0.605903 0.504299 0.031250 0.041005
233 0.651290 0.452712 0.040675 0.044312
233 0.700893 0.449405 0.030754 0.044312
233 0.670759 0.498512 0.036458 0.049272
233 0.703745 0.498843 0.037450 0.049272
233 0.738839 0.499669 0.034722 0.044974
52 0.781498 0.491402 0.045635 0.046296
52 0.823785 0.490741 0.044395 0.046958
244 0.876860 0.493056 0.057292 0.050926
333 0.853795 0.201058 0.044891 0.066138
333 0.853671 0.136078 0.055060 0.080357
11 0.910342 0.167824 0.066220 0.129960
188 0.439980 0.199405 0.028770 0.041667
188 0.472098 0.193122 0.031002 0.062169
307 0.485739 0.157573 0.024554 0.067791
307 0.511657 0.126488 0.034226 0.090278
307 0.511657 0.194775 0.030754 0.061508
307 0.542163 0.134425 0.030754 0.071759
307 0.542163 0.195602 0.030258 0.061177
280 0.565352 0.205522 0.013145 0.042659
280 0.585441 0.195767 0.029514 0.062831
280 0.615451 0.196263 0.029514 0.062500
131 0.640749 0.209987 0.024554 0.029101
264 0.281498 0.305556 0.046131 0.062831
264 0.281498 0.358300 0.046131 0.045966
204 0.229663 0.301918 0.055060 0.066138
204 0.223090 0.356481 0.049851 0.050265
204 0.180060 0.299272 0.047123 0.064153
204 0.177331 0.356151 0.047123 0.050265
73 0.142113 0.357474 0.030754 0.042989
73 0.101562 0.356978 0.052827 0.048611
73 0.100942 0.293155 0.044147 0.037368
265 0.064608 0.183862 0.063740 0.058201
265 0.083333 0.135913 0.056052 0.062831
284 0.117063 0.190642 0.042163 0.048611
284 0.136533 0.137401 0.058780 0.059193
157 0.154018 0.186839 0.044643 0.056878
217 0.199405 0.179729 0.047619 0.073743
217 0.247644 0.181548 0.051835 0.072751
217 0.247024 0.101356 0.058036 0.093585
217 0.195312 0.099702 0.047867 0.091601
329 0.154514 0.745866 0.102679 0.098214
109 0.232639 0.759259 0.055060 0.060847
109 0.235615 0.708499 0.049107 0.044643
246 0.233755 0.838955 0.055308 0.057540
246 0.231151 0.898975 0.061012 0.065146
62 0.172123 0.873347 0.053075 0.109788
62 0.120660 0.888228 0.071181 0.114418
246 0.300967 0.874504 0.055804 0.062500
246 0.350818 0.871858 0.051835 0.061839
246 0.300967 0.821594 0.056300 0.049934
246 0.351066 0.819444 0.051835 0.045635
338 0.436012 0.845734 0.097222 0.061839
338 0.439112 0.803571 0.086062 0.031085
33 0.786458 0.843254 0.053571 0.091270
33 0.837302 0.841601 0.067460 0.087302
21 0.752108 0.605489 0.037450 0.073413
21 0.778150 0.604001 0.034474 0.075066
21 0.807292 0.604497 0.030258 0.072751
0 0.863095 0.614087 0.041171 0.050265
152 0.485119 0.718419 0.041171 0.051918
152 0.529638 0.711310 0.047371 0.048942
152 0.533482 0.751819 0.038194 0.040675
86 0.373512 0.727348 0.054067 0.053902
86 0.416791 0.712798 0.041419 0.052579
296 0.359127 0.572255 0.046131 0.045304
296 0.357763 0.616071 0.040427 0.047619
296 0.397941 0.615741 0.043403 0.051587
296 0.408234 0.567130 0.039187 0.043651
