333 0.417287 0.180060 0.034970 0.071098
333 0.414931 0.239749 0.036706 0.059524
5 0.444692 0.212632 0.024306 0.102513
5 0.467882 0.207837 0.025050 0.106812
5 0.491443 0.203042 0.023562 0.113757
5 0.519221 0.195933 0.034474 0.122685
11 0.571181 0.192791 0.059028 0.123677
11 0.611607 0.192791 0.090774 0.120370
70 0.660838 0.210317 0.051339 0.071429
70 0.701885 0.209656 0.060020 0.066799
38 0.500992 0.342097 0.025298 0.070437
38 0.518973 0.342097 0.016121 0.072421
38 0.475818 0.341931 0.026042 0.067460
38 0.458085 0.342097 0.019841 0.067130
3 0.374008 0.343585 0.057044 0.058862
12 0.205605 0.424934 0.016865 0.028439
12 0.220610 0.427745 0.015129 0.028108
12 0.221602 0.399306 0.019097 0.032077
207 0.245040 0.431548 0.019841 0.031085
246 0.245040 0.408399 0.018353 0.019180
109 0.273313 0.402943 0.010417 0.030093
233 0.273438 0.432374 0.008681 0.031415
233 0.284226 0.435681 0.020833 0.032077
233 0.285590 0.405754 0.020089 0.030423
183 0.301959 0.406581 0.014137 0.028108
250 0.321181 0.410880 0.020833 0.034722
233 0.296007 0.438823 0.025050 0.033730
250 0.321305 0.443287 0.020089 0.033399
250 0.340650 0.445602 0.023562 0.034722
158 0.356647 0.448082 0.010417 0.035714
250 0.347098 0.410053 0.011161 0.033069
228 0.902282 0.184193 0.053075 0.078042
109 0.840650 0.188657 0.078621 0.083003
21 0.233507 0.481151 0.019593 0.042328
39 0.199157 0.475860 0.036706 0.046296
303 0.210813 0.523313 0.017361 0.025463
86 0.231771 0.527282 0.029018 0.029431
132 0.212550 0.544808 0.014881 0.023479
62 0.193452 0.608135 0.025298 0.054233
62 0.216394 0.613922 0.030010 0.050595
329 0.241443 0.635582 0.023562 0.056878
96 0.303447 0.677083 0.031002 0.048611
338 0.292163 0.624835 0.050595 0.038029
338 0.274430 0.656085 0.040427 0.051587
235 0.372148 0.707507 0.036458 0.069775
235 0.345858 0.697751 0.035962 0.056878
8 0.456349 0.717923 0.030754 0.066138
33 0.425099 0.704696 0.031746 0.066138
296 0.365327 0.492229 0.031250 0.040013
296 0.360739 0.524471 0.021577 0.037037
349 0.383929 0.530093 0.027778 0.041005
109 0.430432 0.546296 0.033978 0.047619
109 0.461186 0.553241 0.026538 0.045635
109 0.460689 0.515708 0.027034 0.040013
345 0.499876 0.474041 0.025546 0.040675
251 0.477307 0.465443 0.026538 0.049272
92 0.439236 0.458333 0.025298 0.032407
92 0.418031 0.455853 0.020089 0.030754
82 0.398189 0.456515 0.024058 0.036045
82 0.380952 0.455688 0.015377 0.035053
271 0.457961 0.479497 0.016617 0.014550
92 0.417287 0.438823 0.023065 0.009259
82 0.385789 0.451885 0.033482 0.035384
236 0.495412 0.560351 0.035962 0.053902
101 0.503968 0.538194 0.024802 0.020172
236 0.506448 0.517361 0.020833 0.028108
236 0.532862 0.527612 0.029018 0.039352
236 0.529638 0.564815 0.031498 0.046958
92 0.462550 0.420139 0.024802 0.032077
303 0.484003 0.420966 0.025546 0.033730
345 0.503348 0.428241 0.030010 0.041005
345 0.536830 0.424934 0.026538 0.036376
345 0.559028 0.429563 0.017361 0.036376
345 0.575769 0.428902 0.024058 0.040344
345 0.523313 0.477513 0.023810 0.041667
92 0.552703 0.477844 0.026538 0.033069
345 0.577133 0.481812 0.025794 0.035053
271 0.565352 0.353175 0.058780 0.056217
68 0.197669 0.274140 0.022817 0.033730
91 0.216022 0.241402 0.027778 0.043651
307 0.223090 0.271164 0.013641 0.033069
307 0.249132 0.270833 0.011161 0.027778
188 0.264013 0.264054 0.021081 0.039352
280 0.283482 0.262070 0.022817 0.039352
280 0.304936 0.257606 0.020585 0.042989
280 0.280506 0.216104 0.024802 0.049272
280 0.299231 0.218915 0.020089 0.039683
109 0.304315 0.238261 0.018353 0.005622
290 0.366691 0.242560 0.036954 0.061839
280 0.345238 0.240575 0.018849 0.069114
239 0.327629 0.250331 0.022817 0.050265
66 0.271329 0.330357 0.036706 0.030423
66 0.264013 0.354993 0.019097 0.022817
280 0.294147 0.324901 0.010417 0.016204
345 0.304439 0.325562 0.009673 0.014220
92 0.316220 0.325397 0.009921 0.015212
109 0.323289 0.327712 0.006696 0.013889
109 0.329117 0.317295 0.012401 0.012897
143 0.339658 0.330357 0.015625 0.027116
143 0.329613 0.356481 0.034722 0.026455
228 0.272941 0.550265 0.027034 0.030423
271 0.290799 0.574901 0.021577 0.033399
17 0.307292 0.544974 0.019841 0.020503
86 0.335441 0.583829 0.028522 0.038029
86 0.341642 0.559028 0.024554 0.023479
86 0.351687 0.587798 0.015377 0.032738
208 0.384797 0.626323 0.022073 0.039683
208 0.365451 0.616071 0.017113 0.035714
246 0.392733 0.603505 0.012649 0.008598
101 0.377232 0.604001 0.016369 0.011574
113 0.467882 0.642526 0.029018 0.037698
113 0.444816 0.637401 0.032986 0.033399
113 0.440476 0.659888 0.022817 0.026786
113 0.465774 0.668485 0.027778 0.029431
157 0.828745 0.962632 0.065228 0.074735
157 0.833209 0.895833 0.064732 0.073413
217 0.843254 0.795966 0.056548 0.063492
217 0.796627 0.729001 0.056548 0.057870
217 0.792163 0.782738 0.056548 0.070106
290 0.779762 0.856481 0.049603 0.062169
157 0.775794 0.926753 0.054563 0.077712
264 0.720238 0.838624 0.046131 0.060185
264 0.722594 0.891038 0.047371 0.065807
264 0.673735 0.866071 0.044891 0.076058
246 0.681672 0.805556 0.036954 0.046296
204 0.644097 0.797619 0.040675 0.062831
204 0.635045 0.853671 0.042411 0.081680
265 0.606027 0.790179 0.037946 0.067130
265 0.597098 0.831184 0.036954 0.072421
284 0.617436 0.651620 0.034474 0.038029
284 0.615451 0.707507 0.038442 0.063823
284 0.652778 0.709325 0.037202 0.044312
109 0.697545 0.686673 0.045387 0.055225
73 0.695188 0.743221 0.044643 0.051257
73 0.735615 0.768684 0.048115 0.075066
