62 0.033000 0.873875 0.066000 0.123250
62 0.106333 0.873875 0.112000 0.112750
246 0.218667 0.849500 0.087333 0.056500
246 0.297667 0.851375 0.076000 0.054250
246 0.384667 0.875750 0.100667 0.066500
243 0.499833 0.887625 0.149000 0.077750
8 0.634667 0.834875 0.111333 0.041750
8 0.634667 0.872875 0.112000 0.046750
8 0.630667 0.907125 0.116000 0.043750
96 0.728333 0.894375 0.100000 0.062250
96 0.728333 0.834875 0.086000 0.060250
208 0.809333 0.833875 0.080000 0.062250
208 0.818167 0.891500 0.078333 0.062000
33 0.908000 0.847500 0.119333 0.092000
235 0.887500 0.732375 0.108333 0.083250
271 0.795667 0.750875 0.086000 0.060250
271 0.715667 0.732250 0.080000 0.048500
132 0.634667 0.745000 0.081333 0.051500
132 0.550667 0.757625 0.100667 0.053250
349 0.827000 0.646375 0.078000 0.051250
349 0.903167 0.641375 0.077000 0.054250
349 0.757667 0.648250 0.078000 0.045500
296 0.676500 0.648375 0.078333 0.049250
296 0.602500 0.649250 0.078333 0.051500
109 0.521333 0.649250 0.070000 0.051500
109 0.449167 0.655125 0.073667 0.051250
109 0.380833 0.657125 0.073667 0.051250
86 0.381667 0.750875 0.100667 0.048250
132 0.453000 0.754750 0.087333 0.045500
86 0.281000 0.756750 0.100667 0.056500
329 0.191167 0.756750 0.083667 0.066500
329 0.111167 0.750875 0.099667 0.082750
21 0.227500 0.649375 0.061667 0.070750
21 0.277167 0.648375 0.053000 0.070750
21 0.324000 0.645375 0.052667 0.070250
38 0.091833 0.652250 0.059667 0.073500
38 0.140167 0.652000 0.046333 0.073500
38 0.177167 0.651875 0.055667 0.072250
207 0.081167 0.560125 0.062333 0.047750
207 0.154500 0.558750 0.067667 0.049500
12 0.241333 0.556750 0.068667 0.046000
236 0.311000 0.555875 0.066667 0.044250
82 0.379500 0.555125 0.057000 0.042750
82 0.447167 0.554250 0.052333 0.040500
250 0.502167 0.549000 0.041667 0.045000
250 0.552333 0.547125 0.063333 0.047250
250 0.595000 0.547250 0.019333 0.047500
250 0.635500 0.547125 0.063000 0.047250
233 0.690000 0.540625 0.050667 0.043250
233 0.743333 0.540250 0.066667 0.043500
233 0.815500 0.541125 0.033000 0.041750
3 0.890333 0.528250 0.098000 0.066000
333 0.894833 0.420000 0.086333 0.059500
52 0.763000 0.341375 0.086667 0.044250
52 0.917333 0.340625 0.095333 0.051250
92 0.062167 0.450250 0.051000 0.037000
92 0.108667 0.448875 0.056667 0.039750
345 0.225833 0.444125 0.059000 0.034750
109 0.292333 0.451250 0.053333 0.029000
217 0.405667 0.351375 0.068000 0.049250
217 0.340167 0.353875 0.067000 0.046250
157 0.271167 0.356500 0.065667 0.048500
265 0.205333 0.360125 0.065333 0.044750
264 0.132833 0.360875 0.072333 0.046750
264 0.063667 0.362625 0.068667 0.043250
284 0.394167 0.219625 0.063667 0.046750
284 0.332833 0.226000 0.060333 0.039500
284 0.393500 0.264000 0.069667 0.046500
284 0.325833 0.266875 0.067000 0.045750
204 0.255500 0.266250 0.067000 0.040500
204 0.256333 0.214375 0.076000 0.036750
204 0.192833 0.227625 0.065667 0.049750
204 0.189500 0.272375 0.065000 0.045750
73 0.122833 0.220125 0.076333 0.041250
73 0.122833 0.274750 0.067000 0.041000
73 0.057000 0.276375 0.067333 0.037250
280 0.458500 0.267125 0.041667 0.030250
280 0.500667 0.256000 0.045333 0.051500
307 0.611333 0.253625 0.050000 0.047750
239 0.724167 0.205500 0.043667 0.053000
239 0.770667 0.202375 0.046000 0.053250
239 0.792000 0.248625 0.044000 0.046750
239 0.749500 0.249375 0.045667 0.047750
239 0.691167 0.216250 0.023000 0.024500
