32 0.403398 0.764385 0.033482 0.063823
259 0.439360 0.766038 0.034970 0.058532
259 0.472470 0.754960 0.036706 0.067460
56 0.508185 0.757275 0.033730 0.072090
56 0.540551 0.757110 0.035466 0.071759
56 0.571925 0.756779 0.033730 0.070437
169 0.606027 0.759921 0.040923 0.063492
347 0.641245 0.760417 0.034474 0.065807
298 0.534102 0.865741 0.038442 0.089947
298 0.562624 0.854001 0.032986 0.079696
298 0.595858 0.857474 0.036954 0.085317
282 0.492436 0.874339 0.046379 0.064153
340 0.071181 0.153604 0.057540 0.104167
340 0.113715 0.157903 0.049355 0.100198
340 0.159598 0.157573 0.050843 0.103505
341 0.207465 0.161045 0.057292 0.101190
341 0.260169 0.165675 0.054067 0.092593
341 0.297991 0.172784 0.050843 0.081680
341 0.346974 0.166005 0.049107 0.097222
100 0.396453 0.166997 0.050347 0.097884
100 0.447545 0.168651 0.049355 0.097222
25 0.499752 0.196098 0.052579 0.044312
339 0.545511 0.182870 0.051339 0.072090
25 0.559400 0.198247 0.053323 0.041997
306 0.059400 0.293320 0.006696 0.077381
64 0.086310 0.291997 0.061012 0.082011
31 0.141741 0.295966 0.061756 0.076720
31 0.200273 0.295635 0.061756 0.079365
196 0.244048 0.302414 0.033730 0.067130
196 0.271577 0.302910 0.030258 0.066138
210 0.299603 0.303571 0.030258 0.065476
210 0.326389 0.304233 0.032242 0.066138
137 0.359871 0.312665 0.025794 0.050595
137 0.386781 0.313492 0.029018 0.050926
137 0.416543 0.314815 0.027034 0.050265
111 0.445188 0.309854 0.025298 0.061508
111 0.473214 0.310516 0.025298 0.060847
111 0.501240 0.310847 0.027282 0.060847
146 0.528150 0.308201 0.024058 0.066138
146 0.550595 0.308862 0.023810 0.066138
146 0.572545 0.308862 0.024058 0.066138
178 0.603051 0.301422 0.029514 0.081019
178 0.631696 0.301422 0.029762 0.080357
178 0.658482 0.301422 0.029762 0.080357
151 0.085441 0.424107 0.041915 0.088955
151 0.122024 0.424272 0.037698 0.089286
151 0.158854 0.424438 0.040427 0.088955
219 0.194816 0.424769 0.038938 0.089616
219 0.230407 0.424769 0.038194 0.089616
219 0.263517 0.424769 0.037450 0.089616
63 0.301587 0.424769 0.038690 0.089616
63 0.334945 0.424769 0.038938 0.089616
63 0.370536 0.424769 0.034226 0.089616
344 0.500620 0.405093 0.047371 0.052249
344 0.550223 0.405754 0.048859 0.052249
344 0.549851 0.451058 0.047619 0.041005
344 0.502852 0.450728 0.046875 0.041667
200 0.599330 0.450231 0.046875 0.041336
200 0.599330 0.405423 0.052331 0.052249
200 0.644469 0.404101 0.055308 0.050926
200 0.645089 0.449901 0.047619 0.041997
225 0.464038 0.438657 0.027282 0.065807
103 0.433904 0.438657 0.027530 0.060516
103 0.405382 0.438657 0.027530 0.063823
141 0.096974 0.535714 0.044643 0.094577
141 0.129712 0.535714 0.036706 0.094577
347 0.166171 0.535714 0.038690 0.095238
347 0.199901 0.535714 0.034226 0.094577
347 0.232639 0.535714 0.034226 0.094577
49 0.266493 0.538856 0.038938 0.087632
49 0.302951 0.539352 0.036954 0.086640
49 0.336434 0.535714 0.035962 0.091931
49 0.368800 0.535714 0.032738 0.091931
49 0.401538 0.535384 0.035714 0.090608
142 0.438492 0.549769 0.034226 0.062500
222 0.473338 0.549769 0.032986 0.061839
98 0.505332 0.549934 0.028522 0.061508
177 0.535218 0.550099 0.027778 0.060516
334 0.563492 0.550099 0.030754 0.060516
87 0.593626 0.552249 0.030506 0.056878
45 0.637897 0.531250 0.054067 0.038690
45 0.639881 0.565311 0.049107 0.029431
189 0.421255 0.656415 0.046379 0.041005
27 0.421255 0.689153 0.046875 0.026455
20 0.465402 0.639550 0.032986 0.046296
20 0.466642 0.681548 0.032490 0.039021
89 0.507068 0.681878 0.032490 0.037037
89 0.507564 0.641038 0.034474 0.049272
83 0.543279 0.639881 0.034970 0.046296
83 0.540799 0.681052 0.032490 0.038029
46 0.584945 0.651290 0.049355 0.041336
46 0.584201 0.684028 0.048859 0.028770
173 0.636037 0.682044 0.051339 0.036045
173 0.635665 0.645337 0.049107 0.033399
133 0.631820 0.626157 0.041915 0.009590
160 0.094494 0.660880 0.040675 0.094246
160 0.132068 0.661541 0.042907 0.092923
160 0.176091 0.659888 0.038194 0.092923
304 0.279514 0.659061 0.032738 0.089947
304 0.311384 0.658730 0.034970 0.089286
304 0.346354 0.658730 0.033978 0.089286
304 0.380828 0.658069 0.034970 0.087963
100 0.242063 0.785053 0.028274 0.069444
100 0.273189 0.786706 0.032490 0.069444
100 0.303447 0.781415 0.029514 0.068783
100 0.334945 0.786376 0.027530 0.078704
100 0.334201 0.867560 0.024554 0.060516
100 0.305556 0.867063 0.036210 0.076058
100 0.273810 0.876653 0.031250 0.078704
100 0.242808 0.872189 0.030754 0.060516
171 0.197545 0.862599 0.032490 0.077050
171 0.166667 0.869378 0.033234 0.076058
171 0.135169 0.870701 0.034722 0.078042
171 0.115327 0.779266 0.036210 0.067791
171 0.161706 0.784061 0.033234 0.065476
171 0.104911 0.867890 0.015377 0.071098
272 0.375372 0.868882 0.034474 0.084987
272 0.409970 0.869378 0.033730 0.089286
