7 0.546379 0.895668 0.071429 0.147817
7 0.610739 0.895668 0.072173 0.147817
85 0.688864 0.926257 0.079117 0.147487
85 0.751364 0.926257 0.076141 0.147487
85 0.814856 0.921296 0.076637 0.157407
15 0.867560 0.926753 0.070437 0.146495
35 0.933904 0.937996 0.075149 0.124008
117 0.905754 0.753968 0.065476 0.106481
117 0.849950 0.748347 0.065476 0.106481
305 0.791419 0.741402 0.061508 0.111111
305 0.738715 0.734623 0.062748 0.114749
78 0.674231 0.720899 0.062748 0.126323
78 0.614583 0.715112 0.065476 0.133929
53 0.542287 0.703373 0.079117 0.140212
53 0.480903 0.696594 0.073413 0.129960
191 0.405630 0.696594 0.073165 0.124008
34 0.281622 0.667163 0.073165 0.147817
34 0.143973 0.664187 0.073165 0.135913
130 0.129340 0.471892 0.082093 0.121032
130 0.189856 0.477679 0.083085 0.143188
29 0.274802 0.481647 0.073413 0.135913
29 0.332465 0.486607 0.062748 0.135913
29 0.391989 0.492394 0.073165 0.135582
97 0.464286 0.492560 0.065476 0.145833
97 0.532614 0.503142 0.073165 0.135913
30 0.610863 0.492394 0.084325 0.162037
30 0.681052 0.493386 0.082341 0.154762
201 0.749380 0.492394 0.062748 0.107143
201 0.795263 0.486442 0.056796 0.109127
201 0.839286 0.492394 0.050595 0.109127
61 0.896825 0.496362 0.065476 0.101852
61 0.951637 0.503142 0.065476 0.102183
315 0.985243 0.507937 0.029514 0.104497
223 0.926215 0.338128 0.091518 0.124008
330 0.842262 0.334160 0.073413 0.122685
50 0.775794 0.330192 0.078869 0.126653
145 0.699653 0.325397 0.073413 0.132275
145 0.628348 0.323413 0.073165 0.132275
164 0.564856 0.322586 0.070685 0.130622
164 0.504216 0.319444 0.065476 0.132275
342 0.421255 0.314649 0.075149 0.135913
342 0.351935 0.315642 0.082341 0.135913
75 0.281622 0.321429 0.064732 0.121032
75 0.225942 0.321429 0.061508 0.115079
194 0.166419 0.321594 0.067460 0.110780
194 0.110739 0.318618 0.062748 0.109458
187 0.393973 0.133102 0.077629 0.135913
187 0.466146 0.133102 0.081597 0.139220
50 0.710317 0.134094 0.088790 0.135913
108 0.795387 0.137897 0.085813 0.124339
108 0.867684 0.138889 0.075149 0.127646
108 0.933036 0.138889 0.082341 0.128307
181 0.092262 0.124173 0.071429 0.143849
181 0.162574 0.124173 0.078125 0.153770
181 0.229911 0.125165 0.074405 0.152447
181 0.299231 0.124173 0.074157 0.153770
342 0.465278 0.317460 0.024306 0.134921
260 0.738715 0.611442 0.055804 0.099206
260 0.793403 0.614418 0.056548 0.109127
260 0.848090 0.618386 0.057788 0.106481
260 0.896825 0.623347 0.061508 0.109127
261 0.938864 0.618386 0.050843 0.106481
261 0.980283 0.627315 0.039435 0.106481
47 0.963790 0.756944 0.072421 0.106481
191 0.351935 0.689649 0.084325 0.130622
34 0.219122 0.665179 0.088542 0.135913
218 0.158606 0.827050 0.076637 0.152116
218 0.204737 0.855820 0.077629 0.161376
218 0.267857 0.861938 0.075893 0.161706
205 0.341642 0.864087 0.078621 0.175926
205 0.411706 0.873677 0.077877 0.175926
205 0.477431 0.877315 0.072421 0.175926
268 0.980903 0.334987 0.038194 0.049603
268 0.973338 0.376653 0.044395 0.042328
96 0.046627 0.596065 0.044147 0.059854
96 0.090774 0.592758 0.038690 0.056548
96 0.012153 0.595403 0.024306 0.049934
208 0.010913 0.711144 0.021825 0.053902
208 0.044023 0.720734 0.048363 0.053902
208 0.086806 0.719907 0.033234 0.058201
33 0.084449 0.843750 0.061260 0.091601
33 0.022569 0.856812 0.045139 0.103175
