272 0.134425 0.096561 0.059524 0.125661
272 0.188244 0.096561 0.049107 0.128307
219 0.235119 0.089947 0.061508 0.146825
219 0.312748 0.122024 0.028274 0.082672
151 0.344494 0.098545 0.048115 0.132275
151 0.390377 0.094907 0.055556 0.143519
355 0.446925 0.098545 0.054563 0.138889
165 0.495784 0.120040 0.042163 0.090608
100 0.537946 0.122354 0.048115 0.088624
103 0.581597 0.122024 0.041171 0.085317
344 0.637401 0.080026 0.079365 0.085979
344 0.641369 0.141534 0.071429 0.060847
200 0.716518 0.078042 0.089782 0.085979
200 0.716518 0.145503 0.073909 0.062169
25 0.782986 0.141534 0.071925 0.068783
339 0.931300 0.069444 0.085813 0.080688
339 0.929563 0.140542 0.082341 0.076058
71 0.842510 0.269841 0.066964 0.071429
314 0.899306 0.267526 0.068452 0.069444
222 0.904266 0.397487 0.062500 0.091270
142 0.837798 0.394511 0.068452 0.089286
192 0.764385 0.394511 0.062500 0.085317
292 0.675347 0.259590 0.041171 0.078704
292 0.630704 0.258929 0.048115 0.073413
103 0.558284 0.259921 0.048115 0.080688
340 0.500744 0.289021 0.058036 0.132275
340 0.443948 0.288029 0.055556 0.131614
347 0.387401 0.288029 0.050595 0.131614
347 0.333829 0.285053 0.055556 0.133598
63 0.284970 0.285053 0.051091 0.132275
63 0.245784 0.285053 0.043155 0.125661
63 0.204861 0.290013 0.039683 0.121032
63 0.162698 0.285053 0.055556 0.125661
341 0.353423 0.645503 0.060020 0.107143
304 0.233135 0.629960 0.068452 0.131614
304 0.176587 0.631614 0.062500 0.128307
31 0.485119 0.647156 0.066468 0.102513
160 0.585813 0.661045 0.047619 0.136905
171 0.620784 0.656085 0.037202 0.125661
171 0.672619 0.663029 0.050595 0.126323
171 0.709821 0.665013 0.050595 0.119709
171 0.751736 0.666997 0.051091 0.119709
63 0.793651 0.672950 0.050595 0.131614
63 0.832837 0.680556 0.047619 0.119048
63 0.874752 0.677910 0.051091 0.125661
111 0.708829 0.536376 0.041667 0.093915
118 0.662698 0.519511 0.062500 0.122354
247 0.600198 0.519511 0.058532 0.117063
353 0.553571 0.519511 0.052579 0.110450
282 0.753720 0.256614 0.085813 0.097884
292 0.598462 0.259590 0.043155 0.073413
100 0.408730 0.920966 0.037698 0.080026
100 0.335813 0.922950 0.044643 0.089286
100 0.453869 0.913029 0.041667 0.080026
144 0.635417 0.962632 0.051587 0.074735
144 0.680556 0.969577 0.051587 0.060847
144 0.599454 0.972884 0.051091 0.054233
25 0.782986 0.069444 0.066964 0.083333
114 0.976687 0.795966 0.046627 0.201720
133 0.975446 0.910384 0.048115 0.039021
114 0.977927 0.968915 0.044147 0.060847
198 0.856647 0.139881 0.063492 0.078704
341 0.297619 0.629630 0.056548 0.134921
160 0.541915 0.667328 0.042163 0.129630
100 0.171131 0.473545 0.053571 0.126984
100 0.216518 0.471230 0.044147 0.122354
100 0.272073 0.483796 0.056052 0.099868
100 0.354415 0.479828 0.048115 0.123677
100 0.401290 0.481481 0.048611 0.121693
146 0.751984 0.537698 0.033730 0.088624
146 0.779762 0.537698 0.036706 0.088624
106 0.805804 0.538360 0.031250 0.089947
178 0.849454 0.532077 0.044147 0.103836
178 0.876240 0.532077 0.034226 0.105159
127 0.688244 0.378638 0.062996 0.111772
144 0.625000 0.375661 0.066468 0.117725
