168 0.320271 0.024306 0.126653 0.048611
168 0.322090 0.065352 0.134259 0.066220
168 0.434524 0.025298 0.126984 0.050099
168 0.434524 0.067460 0.126323 0.068452
18 0.844577 0.035094 0.088624 0.045387
18 0.844577 0.077133 0.086640 0.054563
18 0.924603 0.041047 0.113757 0.051835
18 0.924769 0.080977 0.127315 0.053323
18 0.985450 0.039062 0.029101 0.045387
18 0.985946 0.080977 0.028108 0.054812
176 0.784061 0.246032 0.129630 0.037698
176 0.663029 0.246156 0.142196 0.042411
176 0.661210 0.206969 0.145172 0.037946
254 0.188327 0.022445 0.168981 0.044395
254 0.186508 0.063368 0.169974 0.066220
176 0.784061 0.209945 0.149471 0.044395
176 0.782242 0.176711 0.159061 0.044395
176 0.661045 0.172743 0.134259 0.042411
175 0.737434 0.027530 0.161376 0.055060
175 0.587632 0.025670 0.169312 0.051339
302 0.741402 0.074281 0.152778 0.064732
175 0.594742 0.071305 0.170966 0.065724
232 0.547454 0.375868 0.141204 0.066220
232 0.548280 0.320809 0.132937 0.064236
232 0.652282 0.310764 0.114087 0.051587
232 0.650959 0.348462 0.112765 0.047123
6 0.368882 0.375248 0.200066 0.062500
6 0.365410 0.340526 0.160053 0.025298
185 0.054233 0.353671 0.097884 0.112103
267 0.125661 0.354167 0.099868 0.111607
267 0.201885 0.355035 0.098876 0.110863
220 0.223214 0.182540 0.134259 0.041171
220 0.226687 0.209697 0.132606 0.039435
220 0.229993 0.236235 0.129299 0.041419
220 0.341766 0.237103 0.121362 0.039187
220 0.341435 0.209573 0.125331 0.040179
220 0.354332 0.197793 0.110780 0.034970
220 0.355489 0.174851 0.107804 0.035714
139 0.834656 0.373760 0.143519 0.059524
139 0.947586 0.377852 0.104828 0.048363
139 0.940146 0.327133 0.119709 0.071925
139 0.799934 0.316220 0.138228 0.062500
312 0.869874 0.473214 0.244378 0.067956
312 0.860615 0.517237 0.227844 0.060268
275 0.772487 0.577629 0.189815 0.067956
275 0.585483 0.586806 0.179563 0.044147
275 0.587632 0.555184 0.204365 0.047867
80 0.162368 0.577257 0.224206 0.037450
80 0.179067 0.595734 0.222553 0.058036
80 0.176753 0.656374 0.192130 0.062748
80 0.389220 0.632812 0.209656 0.041419
80 0.386409 0.601438 0.213955 0.060516
80 0.387070 0.568824 0.200066 0.028026
283 0.398313 0.492436 0.218585 0.066220
355 0.173776 0.495164 0.225860 0.042907
355 0.170635 0.458333 0.228836 0.049107
283 0.400298 0.439608 0.202712 0.034970
322 0.886409 0.170635 0.101521 0.056548
322 0.969577 0.168651 0.053571 0.059028
322 0.969411 0.232019 0.059854 0.059772
322 0.881118 0.226687 0.108135 0.059028
