100 0.017275 0.942580 0.034549 0.096239
100 0.041321 0.942580 0.048922 0.082491
100 0.065091 0.938941 0.042841 0.077638
100 0.092040 0.938941 0.042565 0.071977
100 0.126589 0.937930 0.045882 0.071573
100 0.023494 0.846543 0.046987 0.089365
100 0.050028 0.844116 0.045882 0.086939
100 0.085544 0.844319 0.048369 0.091387
100 0.116915 0.844319 0.045882 0.089770
100 0.024737 0.743429 0.049475 0.104731
100 0.046711 0.748079 0.045882 0.086535
100 0.081260 0.755156 0.045882 0.081278
100 0.113599 0.750505 0.045882 0.082491
171 0.148148 0.742216 0.042565 0.095026
171 0.181592 0.748079 0.045882 0.086535
171 0.209784 0.748079 0.045882 0.086535
171 0.242123 0.742216 0.050857 0.095026
65 0.325318 0.719774 0.041459 0.084917
65 0.360973 0.719774 0.040354 0.080873
65 0.386816 0.719774 0.037313 0.084917
198 0.418187 0.711484 0.042565 0.097452
198 0.449420 0.710271 0.042565 0.097452
198 0.487148 0.709058 0.041736 0.103922
182 0.522941 0.719774 0.037037 0.086535
182 0.553068 0.719774 0.039248 0.086535
182 0.584301 0.723211 0.040354 0.084513
58 0.628662 0.681965 0.052239 0.080469
320 0.682559 0.686615 0.052239 0.080873
320 0.726921 0.687626 0.050857 0.081278
37 0.865119 0.686615 0.040354 0.080873
37 0.892067 0.685605 0.031786 0.081278
222 0.589829 0.593004 0.045882 0.097452
87 0.553068 0.596442 0.045882 0.091387
306 0.515202 0.594218 0.043671 0.102305
306 0.475263 0.590780 0.048922 0.109179
99 0.431039 0.585928 0.051133 0.112414
99 0.383637 0.585928 0.058596 0.114840
178 0.342454 0.593004 0.043671 0.106349
178 0.309011 0.594218 0.043671 0.106349
304 0.251797 0.580267 0.040354 0.105944
304 0.218353 0.579863 0.045882 0.109179
141 0.182698 0.576425 0.049198 0.119288
141 0.144831 0.577638 0.045882 0.119288
347 0.112493 0.581076 0.040354 0.109179
347 0.079049 0.581278 0.045882 0.111201
63 0.041321 0.580065 0.048922 0.111201
63 0.015064 0.581278 0.030127 0.115245
151 0.096324 0.442378 0.047816 0.119693
151 0.133085 0.440154 0.048922 0.123332
100 0.171918 0.440356 0.053621 0.119693
100 0.220564 0.438941 0.053621 0.116862
100 0.265755 0.434290 0.051686 0.116458
222 0.306938 0.481601 0.047264 0.089770
222 0.344666 0.481601 0.045882 0.088152
324 0.382532 0.480590 0.044223 0.086130
324 0.418187 0.480590 0.042565 0.086130
142 0.459093 0.477962 0.045882 0.086535
142 0.493643 0.478164 0.045882 0.086939
192 0.533720 0.476749 0.045882 0.089770
210 0.570343 0.474525 0.041736 0.086939
332 0.600608 0.474525 0.037037 0.086939
196 0.628662 0.474525 0.041736 0.086939
215 0.766860 0.357258 0.055556 0.077234
215 0.724710 0.364537 0.046434 0.070764
83 0.685876 0.366761 0.046711 0.062273
89 0.649254 0.369187 0.043671 0.062273
20 0.611388 0.369187 0.039248 0.062273
1 0.575732 0.369187 0.040354 0.067125
1 0.549751 0.376061 0.041459 0.060655
137 0.520730 0.366761 0.037037 0.080065
137 0.496960 0.369187 0.034826 0.076021
111 0.461305 0.366761 0.040354 0.080873
111 0.431039 0.369187 0.038419 0.080065
106 0.396628 0.365548 0.037037 0.084917
106 0.363046 0.365548 0.040630 0.084917
146 0.334992 0.365548 0.041459 0.084917
146 0.293947 0.364335 0.040630 0.084917
64 0.358762 0.258795 0.058596 0.086535
198 0.421365 0.266074 0.051686 0.076021
198 0.465589 0.266074 0.058872 0.076021
198 0.516446 0.262434 0.046711 0.076021
355 0.573521 0.253134 0.058596 0.091387
355 0.624378 0.255358 0.043671 0.080469
355 0.669707 0.256571 0.045882 0.080469
247 0.711857 0.250708 0.048369 0.089770
247 0.752764 0.250708 0.051133 0.082491
115 0.799198 0.250708 0.051133 0.080065
355 0.839138 0.248281 0.051410 0.080065
334 0.879077 0.242418 0.048369 0.086939
352 0.919016 0.235342 0.048646 0.089770
177 0.948314 0.235342 0.037037 0.089770
71 0.665285 0.082491 0.045882 0.089770
9 0.614566 0.077638 0.051686 0.083300
272 0.252764 0.279620 0.044500 0.133846
272 0.219458 0.282248 0.038143 0.131824
272 0.177584 0.286090 0.059425 0.129802
341 0.133361 0.291549 0.063295 0.131015
341 0.093145 0.290942 0.057490 0.139507
341 0.043118 0.293975 0.062465 0.121310
49 0.027225 0.145370 0.054450 0.124141
348 0.060669 0.149616 0.055556 0.131015
348 0.099779 0.145370 0.065782 0.135463
348 0.137231 0.146583 0.052239 0.106349
225 0.172609 0.160332 0.047264 0.092600
225 0.205086 0.157097 0.041459 0.093409
103 0.240603 0.157905 0.048369 0.093409
103 0.270591 0.156086 0.038143 0.091387
344 0.312327 0.174080 0.054726 0.069147
344 0.305141 0.109988 0.054174 0.080065
200 0.356689 0.110190 0.068823 0.082087
200 0.361802 0.169834 0.061360 0.060655
339 0.415285 0.168823 0.063295 0.058633
339 0.412383 0.108775 0.062465 0.073595
126 0.465174 0.086130 0.053621 0.090578
71 0.512852 0.087545 0.056661 0.087748
71 0.512852 0.157703 0.055556 0.079256
126 0.466280 0.160534 0.053621 0.073595
314 0.563295 0.154468 0.053621 0.067125
9 0.616224 0.151840 0.055556 0.069956
19 0.664594 0.153053 0.056108 0.075617
184 0.771697 0.597250 0.034826 0.072786
142 0.739773 0.598463 0.028469 0.079256
31 0.304726 0.265063 0.063847 0.093409
219 0.073383 0.447230 0.040077 0.089770
219 0.040077 0.444602 0.038695 0.105540
219 0.010641 0.443186 0.021282 0.102709
171 0.163765 0.848564 0.043394 0.095026
171 0.194030 0.849171 0.037590 0.096239
171 0.222499 0.841690 0.038143 0.086939
171 0.250276 0.844521 0.031786 0.092600
171 0.253455 0.938536 0.026534 0.078447
171 0.227197 0.942782 0.042012 0.086939
171 0.199005 0.943186 0.034273 0.093409
171 0.172056 0.941771 0.031786 0.079256
49 0.304865 0.948039 0.034826 0.093409
49 0.334577 0.946017 0.036208 0.082087
49 0.366915 0.946219 0.043394 0.089770
49 0.393726 0.937930 0.024046 0.088556
49 0.392897 0.847351 0.028469 0.081278
49 0.364704 0.848969 0.040077 0.086939
49 0.331399 0.844319 0.038695 0.084917
49 0.300304 0.842297 0.040630 0.079256
49 0.435876 0.853215 0.034826 0.085726
49 0.440022 0.943389 0.026534 0.091387
49 0.469596 0.952082 0.045882 0.094218
49 0.501935 0.948241 0.037590 0.089770
49 0.523355 0.943389 0.024046 0.091387
49 0.531371 0.852204 0.023494 0.082087
49 0.501935 0.854630 0.041459 0.082895
49 0.469182 0.854428 0.036208 0.089770
298 0.623687 0.779418 0.036208 0.094218
298 0.655749 0.787303 0.040077 0.096239
298 0.697208 0.786696 0.043394 0.099070
32 0.736042 0.790538 0.038695 0.089770
32 0.770591 0.791549 0.037590 0.087748
259 0.839138 0.801860 0.038695 0.084108
259 0.877971 0.798827 0.032891 0.070764
259 0.914317 0.799838 0.045329 0.084108
169 0.911968 0.915892 0.059978 0.096239
169 0.911968 0.976547 0.040630 0.046907
136 0.872305 0.961383 0.045882 0.077234
136 0.838308 0.957744 0.038143 0.084513
56 0.805279 0.955317 0.040077 0.089365
56 0.769071 0.957339 0.035655 0.085321
266 0.733831 0.957744 0.038143 0.084513
136 0.837341 0.886575 0.036208 0.082895
136 0.870370 0.894258 0.038143 0.092600
282 0.584439 0.958148 0.063847 0.083704
282 0.620647 0.959563 0.072139 0.080873
282 0.668049 0.964820 0.037590 0.070360
46 0.637092 0.567732 0.060807 0.047715
46 0.635019 0.607764 0.059978 0.048524
174 0.696379 0.609381 0.060531 0.042054
174 0.696241 0.571371 0.060254 0.050142
355 0.819514 0.337242 0.063018 0.050142
355 0.819514 0.374848 0.061360 0.040437
189 0.876036 0.357461 0.063847 0.072786
189 0.934632 0.370603 0.064953 0.041650
189 0.935462 0.332794 0.073798 0.050950
309 0.676617 0.456733 0.059701 0.048120
45 0.735766 0.453902 0.061913 0.048120
309 0.676064 0.494541 0.059149 0.039628
45 0.736180 0.493328 0.061083 0.041245
87 0.795882 0.455722 0.055556 0.046907
87 0.796434 0.493732 0.053897 0.038819
287 0.855721 0.452891 0.066335 0.049333
287 0.854754 0.492115 0.062742 0.041245
173 0.917910 0.490902 0.066335 0.042054
173 0.917772 0.451678 0.072139 0.046907
238 0.774599 0.665184 0.048922 0.038819
238 0.774461 0.699757 0.049198 0.036797
122 0.822001 0.700970 0.052515 0.036797
122 0.822278 0.666599 0.052515 0.042459
184 0.797816 0.584715 0.029022 0.076021
184 0.826423 0.584513 0.032615 0.075617
184 0.855030 0.582693 0.037866 0.075212
297 0.902985 0.566316 0.060807 0.039224
297 0.902294 0.604125 0.059425 0.035584
