75 0.079661 0.147814 0.088136 0.120749
78 0.076271 0.368494 0.101695 0.111034
78 0.169492 0.369535 0.106780 0.113116
277 0.269915 0.366412 0.129661 0.122137
277 0.391525 0.364330 0.127119 0.122137
261 0.505085 0.314018 0.088136 0.092297
261 0.588559 0.315059 0.095763 0.092991
22 0.672034 0.311589 0.083051 0.095767
22 0.741949 0.311589 0.087288 0.095767
61 0.823729 0.318876 0.088136 0.083969
61 0.897458 0.319917 0.088136 0.086051
61 0.965254 0.320958 0.069492 0.083969
14 0.890254 0.156142 0.095763 0.117974
14 0.787288 0.155101 0.098305 0.122831
328 0.697034 0.151978 0.102542 0.117974
328 0.605085 0.151978 0.098305 0.116586
148 0.541525 0.153713 0.069492 0.113116
148 0.493220 0.149896 0.101695 0.122137
305 0.066525 0.549618 0.100847 0.111034
305 0.152966 0.550312 0.100847 0.108258
117 0.244915 0.553782 0.100000 0.101319
117 0.323305 0.552741 0.100847 0.104788
117 0.410169 0.550659 0.096610 0.104788
315 0.505085 0.585357 0.083051 0.092297
315 0.577119 0.589521 0.088136 0.088133
315 0.658475 0.588480 0.088136 0.092991
315 0.726695 0.582235 0.080508 0.092991
15 0.927119 0.923664 0.145763 0.097155
15 0.938559 0.831367 0.077119 0.098543
35 0.706780 0.911173 0.098305 0.120749
35 0.790678 0.909438 0.106780 0.113116
85 0.594492 0.864330 0.129661 0.103400
85 0.500000 0.893824 0.127119 0.069396
145 0.219492 0.713393 0.106780 0.122137
145 0.113136 0.715475 0.126271 0.122137
214 0.795339 0.727967 0.088983 0.090215
214 0.868644 0.727967 0.084746 0.090215
214 0.942373 0.727967 0.083051 0.090215
164 0.319492 0.713393 0.110169 0.117974
164 0.413983 0.714434 0.114407 0.117280
201 0.501271 0.452811 0.087288 0.089521
201 0.578390 0.452811 0.083898 0.089521
201 0.652966 0.453158 0.083898 0.088827
201 0.727119 0.452464 0.077966 0.087439
260 0.802542 0.457321 0.079661 0.080500
261 0.873305 0.458362 0.083898 0.082582
260 0.947034 0.458362 0.082203 0.082582
186 0.790678 0.572519 0.057627 0.049965
186 0.787288 0.606176 0.054237 0.042332
186 0.840254 0.606870 0.058475 0.042332
186 0.842797 0.572519 0.060169 0.048577
268 0.892373 0.594379 0.055932 0.050659
268 0.905932 0.559681 0.055932 0.049271
268 0.950000 0.605829 0.062712 0.047189
221 0.388983 0.870923 0.142373 0.047189
205 0.078390 0.860514 0.151695 0.154060
