145 0.121125 0.163167 0.113750 0.137667
29 0.195750 0.176833 0.043000 0.103000
162 0.243000 0.171000 0.080000 0.116667
197 0.358500 0.168000 0.074500 0.121333
197 0.427750 0.169000 0.074500 0.116667
214 0.610500 0.184667 0.052000 0.096667
214 0.653375 0.183667 0.052250 0.096000
214 0.698250 0.184667 0.052000 0.096000
330 0.839875 0.338000 0.036750 0.087333
330 0.810625 0.339000 0.058250 0.088000
108 0.766625 0.339000 0.045250 0.086000
262 0.730625 0.339000 0.059750 0.086000
47 0.674875 0.328167 0.052250 0.108333
78 0.633875 0.340000 0.052250 0.091333
305 0.592875 0.339000 0.049250 0.091333
305 0.558750 0.334167 0.052000 0.103667
145 0.503000 0.330167 0.063000 0.109667
187 0.449375 0.331167 0.066750 0.108333
53 0.389625 0.335167 0.066750 0.103667
53 0.322375 0.335167 0.072750 0.103000
145 0.260750 0.322333 0.074500 0.131333
34 0.202250 0.322333 0.074500 0.137333
34 0.129875 0.319500 0.095250 0.143667
30 0.136750 0.486333 0.061000 0.116667
30 0.190500 0.483500 0.081500 0.123000
342 0.277375 0.483333 0.074750 0.116667
342 0.339875 0.482667 0.074750 0.116667
181 0.398625 0.478667 0.064750 0.116667
181 0.458125 0.475667 0.062750 0.110667
130 0.518625 0.472667 0.064250 0.116667
130 0.573375 0.471833 0.064250 0.113667
130 0.631000 0.469667 0.037500 0.116667
261 0.656250 0.447333 0.043000 0.070000
261 0.689500 0.445333 0.044500 0.070000
261 0.730500 0.444333 0.045500 0.072667
61 0.766625 0.443500 0.042750 0.067667
61 0.798875 0.443500 0.042750 0.065667
201 0.837875 0.440500 0.059750 0.068333
260 0.850625 0.525333 0.052250 0.072667
315 0.816500 0.528500 0.052000 0.075000
15 0.731500 0.537333 0.064000 0.062667
15 0.679750 0.522500 0.052000 0.075000
75 0.641625 0.605667 0.042750 0.080000
355 0.605500 0.611500 0.045500 0.084333
355 0.572375 0.615333 0.042750 0.084667
145 0.533250 0.612500 0.049000 0.095000
145 0.490375 0.616333 0.051250 0.091333
145 0.444375 0.617167 0.052250 0.094333
145 0.398500 0.612333 0.050000 0.091333
181 0.346750 0.612500 0.067000 0.109667
181 0.291125 0.616333 0.066750 0.108000
97 0.186500 0.619167 0.084000 0.109667
205 0.344875 0.754000 0.066750 0.158000
205 0.394625 0.770333 0.062750 0.121333
205 0.446375 0.754000 0.060750 0.148667
35 0.495250 0.768833 0.058000 0.111000
7 0.548875 0.741333 0.052250 0.116667
7 0.586000 0.731667 0.052000 0.126667
85 0.655375 0.734333 0.074750 0.116667
85 0.736375 0.746167 0.059750 0.100333
221 0.769625 0.746167 0.049750 0.091667
186 0.739875 0.164000 0.028750 0.056000
268 0.731500 0.215500 0.023000 0.035000
186 0.757875 0.214500 0.036250 0.038333
186 0.758625 0.183000 0.039750 0.048667
186 0.766875 0.141333 0.041250 0.054667
336 0.790625 0.183333 0.049750 0.100667
336 0.854125 0.181833 0.063750 0.103667
223 0.909875 0.183833 0.075750 0.101000
223 0.959500 0.186833 0.071500 0.095000
194 0.764375 0.609333 0.060250 0.075333
194 0.715000 0.608000 0.057500 0.071333
75 0.674750 0.601833 0.028500 0.055000
50 0.806250 0.606500 0.047500 0.073000
218 0.193000 0.757667 0.062500 0.121333
218 0.233250 0.775167 0.069000 0.127667
