333 0.613018 0.078723 0.062203 0.094793
3 0.749660 0.083605 0.094833 0.087469
3 0.841434 0.075061 0.105031 0.087469
3 0.939667 0.066924 0.105710 0.098047
345 0.968559 0.176566 0.062882 0.085435
345 0.907716 0.188365 0.062203 0.062653
345 0.854691 0.190806 0.062203 0.061839
92 0.797587 0.190806 0.058804 0.061839
92 0.752379 0.190806 0.054045 0.065094
92 0.700714 0.193247 0.053365 0.061839
92 0.652787 0.196908 0.049286 0.060212
92 0.603671 0.198129 0.049626 0.058584
212 0.526683 0.197925 0.045887 0.066314
212 0.452413 0.203824 0.043508 0.058584
0 0.404657 0.205045 0.046567 0.056957
244 0.934058 0.295159 0.093814 0.063873
244 0.850612 0.295159 0.088715 0.061432
244 0.772264 0.295159 0.078858 0.059805
52 0.686098 0.295769 0.088035 0.057771
52 0.610129 0.295972 0.067981 0.057364
52 0.546907 0.295972 0.063222 0.054923
52 0.488103 0.295362 0.059143 0.053702
52 0.431339 0.295769 0.057784 0.052075
243 0.744731 0.366965 0.147519 0.034988
243 0.743202 0.409886 0.144460 0.056550
243 0.736744 0.455248 0.131543 0.051261
243 0.876105 0.465012 0.162135 0.055330
243 0.893100 0.414565 0.167573 0.061839
243 0.902447 0.371440 0.174711 0.038242
66 0.557614 0.364321 0.072400 0.031326
66 0.556764 0.402970 0.070700 0.049227
66 0.556084 0.447111 0.069341 0.045566
66 0.625765 0.449756 0.078178 0.043531
66 0.628144 0.406631 0.075459 0.048413
66 0.630184 0.367779 0.072060 0.030919
236 0.322230 0.375102 0.057784 0.052889
236 0.375255 0.376932 0.053025 0.054109
207 0.434398 0.379577 0.057784 0.056957
207 0.489633 0.380797 0.057444 0.058584
207 0.488953 0.433889 0.059483 0.054923
207 0.432869 0.431448 0.055404 0.052482
236 0.371516 0.429211 0.055744 0.056957
236 0.320700 0.425549 0.046567 0.054516
250 0.210401 0.377950 0.029232 0.045566
250 0.213800 0.422905 0.031951 0.040277
250 0.246941 0.379577 0.034330 0.043938
250 0.246771 0.424939 0.031951 0.041090
250 0.279912 0.381611 0.028892 0.048007
250 0.279912 0.424939 0.028892 0.044345
158 0.010877 0.373068 0.021754 0.039870
158 0.035520 0.371237 0.028212 0.043531
233 0.064412 0.373881 0.027532 0.042311
233 0.090585 0.374695 0.028212 0.042311
233 0.121346 0.374898 0.034670 0.045972
82 0.153807 0.377339 0.022094 0.045972
82 0.180489 0.378560 0.031271 0.042718
82 0.182189 0.419650 0.031951 0.039463
82 0.153977 0.416802 0.024473 0.039463
233 0.121346 0.416395 0.032631 0.038649
233 0.090585 0.414565 0.029572 0.038242
233 0.063562 0.414158 0.027872 0.036615
158 0.035520 0.412327 0.028212 0.037022
158 0.010537 0.411513 0.021074 0.035395
349 0.026683 0.503662 0.032971 0.046379
349 0.060673 0.471115 0.041128 0.043124
349 0.060503 0.510578 0.037390 0.041497
349 0.098402 0.515256 0.040449 0.039463
349 0.098912 0.473963 0.044867 0.048007
349 0.138341 0.477828 0.041468 0.049227
349 0.137152 0.519528 0.041128 0.043124
296 0.178790 0.481692 0.038069 0.049634
296 0.220428 0.485557 0.045887 0.050854
296 0.262746 0.489626 0.045547 0.054109
296 0.308804 0.492880 0.047927 0.054109
296 0.309143 0.539056 0.045887 0.043938
109 0.263426 0.534174 0.043508 0.043938
296 0.220768 0.530106 0.041128 0.046379
296 0.179640 0.524003 0.039769 0.043124
109 0.356390 0.497356 0.045887 0.053295
109 0.402617 0.501424 0.052005 0.058177
109 0.457172 0.510578 0.053705 0.051261
109 0.456662 0.556143 0.050646 0.047193
109 0.405337 0.549837 0.050646 0.046786
109 0.356390 0.542514 0.045207 0.048413
152 0.566281 0.567331 0.059823 0.058177
152 0.567981 0.513019 0.057784 0.061839
152 0.512067 0.508950 0.056084 0.060212
152 0.510027 0.561025 0.052005 0.057771
143 0.650238 0.540683 0.098572 0.053702
143 0.751700 0.549837 0.106390 0.055736
143 0.744901 0.592555 0.106390 0.050041
143 0.647689 0.581977 0.094154 0.047600
143 0.651258 0.506713 0.098572 0.032140
143 0.753739 0.514849 0.107750 0.034581
316 0.877124 0.526037 0.131543 0.040683
316 0.871176 0.559601 0.127804 0.067128
316 0.865908 0.603946 0.117267 0.058991
86 0.799626 0.673515 0.094833 0.072823
86 0.793508 0.731489 0.085316 0.069162
86 0.882053 0.746542 0.083617 0.069976
86 0.885452 0.682465 0.087016 0.074451
246 0.629674 0.645647 0.080557 0.067535
246 0.627804 0.700366 0.076818 0.067128
86 0.711081 0.656631 0.087016 0.074044
86 0.708532 0.716436 0.083956 0.069976
271 0.751869 0.722945 0.008838 0.062653
21 0.754079 0.663548 0.005099 0.069162
246 0.416723 0.617168 0.063902 0.060212
246 0.416383 0.664158 0.062542 0.050854
246 0.479946 0.672091 0.065942 0.057771
246 0.480286 0.625712 0.067301 0.060212
246 0.550476 0.638324 0.069680 0.059398
246 0.550136 0.689585 0.070360 0.062653
296 0.283481 0.597844 0.057104 0.058991
209 0.341094 0.605167 0.061523 0.061432
209 0.342964 0.653580 0.061863 0.052482
209 0.283990 0.646257 0.056764 0.052482
271 0.153807 0.582587 0.043168 0.053702
271 0.196805 0.585028 0.044867 0.053702
271 0.233175 0.592555 0.039429 0.057364
271 0.235724 0.635883 0.034330 0.039870
271 0.197315 0.628763 0.041808 0.042718
271 0.158226 0.622661 0.039769 0.040277
132 0.024133 0.559805 0.042828 0.048007
132 0.066961 0.564076 0.046227 0.048413
132 0.108260 0.571196 0.039769 0.050448
132 0.107580 0.612286 0.041128 0.048820
132 0.066281 0.606998 0.046907 0.048820
132 0.024133 0.601505 0.042828 0.045159
338 0.170122 0.701587 0.100272 0.071196
338 0.171482 0.747356 0.097553 0.061839
338 0.075629 0.684906 0.096873 0.065500
338 0.077158 0.724573 0.090415 0.062653
338 0.272604 0.774003 0.102651 0.066314
338 0.272604 0.728234 0.102651 0.074858
338 0.391570 0.802482 0.116247 0.072823
338 0.392080 0.755899 0.121346 0.073230
338 0.529402 0.772783 0.140381 0.093165
338 0.526852 0.824858 0.134602 0.081774
84 0.684738 0.809398 0.159415 0.088283
84 0.681509 0.866965 0.152957 0.083808
84 0.857240 0.854760 0.181509 0.090317
84 0.857240 0.909072 0.181509 0.090724
311 0.672842 0.065704 0.059483 0.055736
311 0.670972 0.111880 0.059143 0.040683
92 0.568151 0.208096 0.039089 0.050854
212 0.489803 0.211961 0.035350 0.043124
0 0.372366 0.210944 0.031611 0.045159
0 0.342964 0.215826 0.027192 0.048413
