261 0.067568 0.064844 0.126819 0.098437
61 0.273389 0.063281 0.118503 0.098437
260 0.581081 0.055469 0.118503 0.110937
260 0.715177 0.055469 0.137214 0.110937
315 0.841996 0.055469 0.141372 0.110937
315 0.945946 0.054688 0.108108 0.109375
35 0.887734 0.295312 0.170478 0.156250
23 0.739085 0.286719 0.180873 0.173437
23 0.580042 0.285938 0.174636 0.175000
187 0.417879 0.290625 0.174636 0.165625
342 0.256757 0.286719 0.176715 0.167187
34 0.093555 0.270313 0.187110 0.193750
30 0.093555 0.500000 0.187110 0.175000
181 0.251559 0.500000 0.182952 0.175000
97 0.417879 0.495312 0.162162 0.178125
75 0.551975 0.510156 0.139293 0.170313
194 0.677755 0.518750 0.149688 0.156250
330 0.828482 0.526563 0.168399 0.150000
108 0.883576 0.728125 0.141372 0.146875
336 0.759875 0.718750 0.135135 0.156250
223 0.647609 0.725781 0.126819 0.142187
50 0.519751 0.714063 0.124740 0.156250
78 0.405405 0.714063 0.116424 0.143750
117 0.311850 0.690625 0.149688 0.178125
305 0.200624 0.716406 0.130977 0.123438
305 0.098753 0.714063 0.130977 0.125000
7 0.280665 0.846875 0.195426 0.106250
15 0.731809 0.935156 0.137214 0.129688
15 0.819127 0.936719 0.149688 0.126562
85 0.412682 0.903125 0.135135 0.128125
85 0.531185 0.906250 0.151767 0.128125
