232 0.328152 0.181319 0.124787 0.085020
232 0.443143 0.181319 0.124787 0.080393
232 0.446550 0.249277 0.124787 0.080972
232 0.446550 0.319260 0.134157 0.080972
4 0.593271 0.247253 0.132879 0.085020
4 0.713799 0.247253 0.121806 0.080393
4 0.711670 0.319260 0.121806 0.080972
4 0.601150 0.319260 0.117973 0.074031
138 0.867547 0.181319 0.206133 0.076923
138 0.867547 0.253326 0.187394 0.074031
138 0.867547 0.319260 0.187394 0.074031
232 0.330494 0.247253 0.121806 0.080393
232 0.330281 0.319260 0.124787 0.083285
102 0.169080 0.117409 0.220613 0.082128
102 0.138629 0.180451 0.248296 0.087912
102 0.137564 0.254772 0.245315 0.082707
102 0.137564 0.321573 0.245315 0.077501
283 0.406942 0.441006 0.225298 0.086177
283 0.389906 0.499711 0.223595 0.099479
283 0.405026 0.540197 0.248722 0.109890
283 0.395656 0.618566 0.252129 0.105842
283 0.397359 0.706189 0.253833 0.094853
283 0.401193 0.776750 0.253833 0.099479
283 0.403748 0.853383 0.252129 0.103528
283 0.401618 0.928282 0.252129 0.099479
80 0.602428 0.564199 0.168228 0.031810
80 0.611158 0.589358 0.166099 0.042799
80 0.626491 0.615095 0.195911 0.054945
80 0.650341 0.672932 0.245315 0.104685
80 0.650554 0.767785 0.247445 0.087334
80 0.650128 0.840949 0.245741 0.098323
80 0.651405 0.919318 0.247445 0.083864
275 0.142249 0.941296 0.268313 0.085020
275 0.142036 0.862059 0.264480 0.103528
275 0.142036 0.780220 0.261925 0.099479
275 0.141397 0.691151 0.261499 0.109890
275 0.149915 0.587623 0.244463 0.109890
275 0.172487 0.530364 0.206985 0.052053
6 0.850085 0.649508 0.180579 0.102950
6 0.829003 0.588780 0.138416 0.037016
6 0.879046 0.751591 0.212095 0.102371
6 0.893313 0.833141 0.192930 0.081550
6 0.885647 0.907461 0.209114 0.074031
138 0.739779 0.127820 0.137990 0.050896
138 0.719974 0.179584 0.107751 0.048005
