140 0.042171 0.067252 0.084343 0.133929
39 0.187392 0.293779 0.050822 0.103111
39 0.233240 0.302563 0.048659 0.103399
39 0.277249 0.305444 0.048875 0.099942
39 0.320285 0.309476 0.045848 0.099942
21 0.358348 0.313220 0.042820 0.099942
21 0.391436 0.318260 0.037197 0.094470
21 0.422794 0.322149 0.034170 0.089574
21 0.453936 0.324165 0.034170 0.089574
143 0.499892 0.318260 0.060337 0.059908
143 0.564338 0.319124 0.051687 0.047235
143 0.567258 0.358151 0.055796 0.040035
143 0.503785 0.355271 0.066393 0.041763
207 0.610186 0.317252 0.032656 0.056740
207 0.645329 0.318260 0.032007 0.052995
236 0.676687 0.324165 0.030277 0.053283
236 0.701990 0.329061 0.032007 0.048099
355 0.730320 0.330933 0.034170 0.045507
355 0.726427 0.366071 0.034170 0.045507
236 0.674740 0.365063 0.034170 0.044067
207 0.645329 0.362183 0.034170 0.043491
207 0.611159 0.361175 0.029412 0.041475
82 0.645437 0.453053 0.030493 0.076037
82 0.610294 0.453053 0.029412 0.077765
233 0.568231 0.452909 0.039576 0.082085
233 0.499892 0.451037 0.031791 0.082949
250 0.468642 0.477391 0.034170 0.045795
250 0.434472 0.455933 0.035035 0.085253
244 0.391544 0.424683 0.050822 0.063076
244 0.341696 0.420651 0.052768 0.066532
52 0.279196 0.419787 0.057526 0.064228
52 0.208910 0.417771 0.069637 0.066532
52 0.278222 0.483295 0.057742 0.054147
244 0.341696 0.481279 0.050606 0.051267
244 0.391436 0.480415 0.049740 0.046659
52 0.211830 0.486175 0.066393 0.056452
338 0.273465 0.562068 0.145545 0.068836
338 0.272924 0.605847 0.145329 0.049827
338 0.398789 0.598214 0.108131 0.059332
338 0.399330 0.551987 0.110943 0.053859
243 0.268058 0.747840 0.113971 0.061348
243 0.267625 0.701325 0.113971 0.084677
243 0.370891 0.686492 0.092561 0.058468
243 0.371756 0.726671 0.094291 0.065092
329 0.244810 0.885945 0.069637 0.130760
329 0.307850 0.859735 0.059040 0.125576
329 0.375324 0.831365 0.050822 0.124712
62 0.428633 0.822725 0.042820 0.098790
62 0.474048 0.804579 0.047578 0.097062
209 0.522275 0.768865 0.042820 0.061348
209 0.520978 0.810052 0.040657 0.049251
208 0.599048 0.732143 0.030709 0.066244
208 0.597859 0.776354 0.028330 0.043491
33 0.630190 0.740783 0.059256 0.093318
33 0.670848 0.731999 0.043685 0.080933
33 0.686311 0.725950 0.012327 0.068836
33 0.707829 0.721630 0.027682 0.068260
96 0.728266 0.729839 0.019680 0.035714
96 0.729455 0.695853 0.022059 0.043203
96 0.744485 0.723214 0.025735 0.035138
96 0.747837 0.688508 0.026817 0.041187
209 0.562392 0.757200 0.037413 0.054147
209 0.561527 0.792915 0.036116 0.047811
355 0.791414 0.591446 0.022708 0.037730
355 0.773140 0.594182 0.024654 0.036290
355 0.768599 0.624136 0.020329 0.029954
355 0.786116 0.619672 0.021194 0.029090
66 0.679066 0.620104 0.031574 0.039747
66 0.677336 0.648041 0.028114 0.030530
66 0.703828 0.642713 0.030061 0.029090
355 0.705774 0.614199 0.030926 0.036578
86 0.613214 0.624424 0.036116 0.050691
86 0.640355 0.617800 0.036332 0.046083
355 0.642301 0.654522 0.032439 0.038882
86 0.611051 0.659850 0.031358 0.033986
246 0.575368 0.631624 0.041306 0.054724
246 0.573962 0.672379 0.038495 0.043491
349 0.493080 0.648618 0.037197 0.055876
349 0.492755 0.691532 0.036548 0.043779
246 0.532223 0.682604 0.043253 0.046659
246 0.529736 0.642425 0.048227 0.053859
349 0.455234 0.662298 0.040225 0.052707
349 0.455017 0.702189 0.039360 0.044931
84 0.511354 0.541043 0.090614 0.055588
84 0.589641 0.533554 0.075043 0.048675
84 0.589208 0.572293 0.075043 0.044355
84 0.510921 0.577333 0.090182 0.034274
132 0.650735 0.527218 0.040225 0.045219
132 0.683607 0.522897 0.036765 0.042915
132 0.647383 0.563508 0.035683 0.036578
132 0.680688 0.558324 0.033088 0.036002
109 0.732591 0.601526 0.021410 0.038306
109 0.751406 0.600086 0.017085 0.035426
109 0.749135 0.629896 0.021194 0.031106
109 0.732050 0.633497 0.020329 0.031394
271 0.804823 0.515121 0.023140 0.031394
271 0.798875 0.543923 0.022059 0.029090
271 0.786332 0.516417 0.021626 0.032834
271 0.779736 0.546083 0.020978 0.029378
296 0.763733 0.517713 0.025303 0.035426
296 0.758542 0.549107 0.023573 0.029666
296 0.742431 0.518865 0.028979 0.036002
296 0.739511 0.549683 0.023573 0.028514
280 0.494053 0.127160 0.030061 0.083813
280 0.493728 0.192972 0.026817 0.062788
280 0.519464 0.203773 0.027249 0.064804
280 0.520869 0.135513 0.028763 0.080933
280 0.547253 0.141993 0.030061 0.078917
280 0.545415 0.209101 0.027682 0.065092
307 0.575692 0.154810 0.031574 0.073445
307 0.572772 0.218030 0.029196 0.059908
307 0.600238 0.163594 0.027033 0.070853
307 0.597643 0.224222 0.024005 0.056740
307 0.621107 0.169355 0.029412 0.069700
307 0.619269 0.228831 0.025735 0.057316
188 0.644031 0.176843 0.026384 0.067396
188 0.641220 0.234447 0.025087 0.053571
188 0.661657 0.239487 0.023573 0.053283
188 0.665657 0.181740 0.025952 0.065668
68 0.681337 0.244672 0.024870 0.049827
68 0.686202 0.189948 0.027249 0.060772
68 0.705017 0.196717 0.022491 0.060484
3 0.223832 0.115063 0.095156 0.116647
3 0.307634 0.138969 0.077206 0.101671
38 0.366025 0.150346 0.038279 0.099654
38 0.401817 0.161146 0.036332 0.093606
38 0.435121 0.169643 0.033304 0.090438
38 0.465398 0.175259 0.031142 0.092454
