30 0.045387 0.264220 0.088294 0.139550
30 0.106647 0.263558 0.080853 0.136905
30 0.179812 0.263228 0.089782 0.136905
29 0.281374 0.282738 0.054315 0.098545
29 0.344866 0.282738 0.062748 0.096561
29 0.394593 0.280754 0.062996 0.104497
29 0.451265 0.279762 0.060268 0.101190
130 0.512773 0.270007 0.068204 0.126653
130 0.574405 0.269015 0.067956 0.123347
75 0.639757 0.278770 0.060268 0.099868
75 0.694444 0.278770 0.057044 0.098545
75 0.748264 0.278770 0.057044 0.103175
194 0.800967 0.279762 0.060268 0.103175
194 0.856523 0.276951 0.060268 0.106812
194 0.904390 0.279762 0.054315 0.097222
315 0.883929 0.443783 0.060020 0.072090
315 0.819568 0.441799 0.050843 0.072090
78 0.775546 0.437996 0.046131 0.082341
78 0.737475 0.437996 0.049355 0.083664
117 0.691592 0.438988 0.041419 0.081019
117 0.653522 0.438988 0.046131 0.081019
305 0.606523 0.437996 0.046379 0.079696
305 0.565600 0.438988 0.042907 0.079696
305 0.521577 0.439980 0.046131 0.081019
47 0.475694 0.438988 0.046131 0.081019
47 0.429812 0.438988 0.046131 0.081019
50 0.381076 0.433036 0.060268 0.094907
50 0.329241 0.436012 0.060268 0.095569
330 0.285342 0.437996 0.039931 0.083664
330 0.249256 0.438988 0.046131 0.086310
53 0.158730 0.431548 0.060020 0.098545
53 0.090898 0.432209 0.074653 0.097222
34 0.122272 0.570933 0.093254 0.116071
34 0.180804 0.568948 0.070933 0.116071
34 0.239459 0.568948 0.068204 0.116071
187 0.298983 0.577712 0.065228 0.099206
187 0.356647 0.577712 0.070933 0.101190
223 0.424975 0.591435 0.060268 0.052579
223 0.483507 0.565807 0.057292 0.089947
164 0.536210 0.574735 0.057044 0.102513
145 0.582217 0.572751 0.051339 0.106481
260 0.631944 0.532738 0.045139 0.067460
260 0.675967 0.529762 0.048363 0.072090
61 0.744296 0.534557 0.045139 0.059854
201 0.852679 0.528770 0.055556 0.067460
15 0.752108 0.608962 0.041419 0.067791
15 0.725694 0.619709 0.049107 0.085317
108 0.679936 0.608962 0.043899 0.067791
108 0.635913 0.621528 0.046131 0.081019
181 0.577257 0.717262 0.058284 0.106481
181 0.525546 0.721230 0.057044 0.095899
181 0.473834 0.719246 0.054315 0.095238
97 0.416171 0.720238 0.060020 0.103175
97 0.371156 0.709656 0.054315 0.089947
97 0.321429 0.713459 0.060020 0.095569
342 0.273562 0.692791 0.051091 0.097222
342 0.219866 0.713459 0.074653 0.106812
342 0.153398 0.726190 0.072669 0.101190
218 0.189608 0.823743 0.065228 0.076058
218 0.259921 0.836475 0.057044 0.106812
23 0.315476 0.863922 0.062996 0.092262
23 0.369172 0.840443 0.055308 0.094907
205 0.421999 0.837467 0.060268 0.106812
205 0.466890 0.838459 0.054315 0.106812
35 0.521577 0.881944 0.052579 0.078704
35 0.560640 0.823743 0.041419 0.083995
7 0.653522 0.856978 0.070933 0.144511
7 0.699405 0.844246 0.046131 0.106481
85 0.754092 0.866733 0.060268 0.121032
85 0.802827 0.862765 0.057044 0.121032
214 0.681052 0.721726 0.039187 0.071759
214 0.709449 0.712467 0.037946 0.068452
204 0.957465 0.297123 0.045387 0.059854
204 0.989583 0.292493 0.015873 0.056548
264 0.951017 0.379299 0.037946 0.061508
355 0.985615 0.381779 0.026290 0.063161
303 0.945685 0.570437 0.031250 0.047619
303 0.973090 0.577050 0.027034 0.044312
109 0.973710 0.666997 0.041667 0.055556
109 0.929812 0.663525 0.043651 0.053902
132 0.947297 0.750331 0.061260 0.055556
329 0.884053 0.730820 0.037946 0.058862
329 0.851935 0.746693 0.036210 0.054894
62 0.863839 0.824074 0.072421 0.078704
62 0.904514 0.886574 0.054563 0.092593
268 0.814484 0.587963 0.031250 0.035053
268 0.842634 0.618717 0.021577 0.044312
268 0.814236 0.623181 0.028274 0.028770
268 0.810764 0.650628 0.028770 0.026124
268 0.832093 0.647156 0.031250 0.024471
186 0.781002 0.698413 0.025794 0.030423
186 0.797247 0.721726 0.019097 0.036045
186 0.816096 0.713624 0.029514 0.037698
186 0.816344 0.749504 0.024058 0.039352
186 0.794271 0.749504 0.024058 0.026124
