323 0.121528 0.118552 0.103505 0.147321
109 0.204034 0.134177 0.065476 0.130952
323 0.329530 0.125248 0.141865 0.163690
270 0.637566 0.130456 0.136243 0.149802
11 0.793155 0.123264 0.120040 0.171131
11 0.911541 0.130828 0.110119 0.183284
333 0.609458 0.340774 0.092593 0.085813
333 0.513558 0.344866 0.097222 0.087550
311 0.411376 0.314360 0.102513 0.057292
311 0.417328 0.363715 0.097222 0.049851
38 0.325728 0.330109 0.075397 0.118552
38 0.256448 0.329489 0.083003 0.113839
38 0.188657 0.333581 0.054563 0.117063
38 0.132606 0.334201 0.077381 0.120288
250 0.052745 0.445933 0.081680 0.060516
250 0.163029 0.447917 0.070767 0.053075
250 0.045304 0.511409 0.048942 0.054067
250 0.108962 0.520585 0.069775 0.049107
250 0.178406 0.513641 0.064484 0.051587
82 0.387897 0.513145 0.070767 0.065476
82 0.388889 0.449777 0.068783 0.064732
82 0.320767 0.510789 0.078704 0.050843
82 0.316468 0.454241 0.080688 0.057292
82 0.251653 0.458705 0.062169 0.064732
82 0.253142 0.514385 0.069775 0.041667
0 0.520007 0.508309 0.064484 0.067212
0 0.460979 0.515501 0.062169 0.067212
92 0.847718 0.512153 0.069775 0.055556
92 0.776951 0.510169 0.061177 0.058036
345 0.726025 0.520461 0.057870 0.045883
345 0.651786 0.516369 0.055556 0.049107
345 0.586475 0.508185 0.057870 0.055556
296 0.691799 0.572793 0.074074 0.045883
296 0.699570 0.637029 0.098214 0.061260
296 0.612269 0.631696 0.089616 0.055556
296 0.611442 0.578993 0.083995 0.049851
349 0.521495 0.582713 0.087302 0.062252
349 0.425430 0.584201 0.098214 0.062252
349 0.429563 0.644345 0.097222 0.046627
349 0.518684 0.643601 0.094907 0.056548
212 0.851025 0.637401 0.067791 0.055556
212 0.776786 0.630084 0.050265 0.050843
109 0.812335 0.765997 0.079696 0.040923
109 0.806382 0.703373 0.076389 0.053075
109 0.724702 0.701265 0.089616 0.057292
109 0.727844 0.763765 0.080688 0.044891
152 0.624669 0.721726 0.075397 0.055556
152 0.639385 0.775298 0.084987 0.036706
152 0.553571 0.771825 0.083995 0.042659
86 0.448909 0.708705 0.103505 0.045883
86 0.445602 0.765501 0.103505 0.054812
86 0.334325 0.718006 0.099206 0.056548
86 0.338790 0.772197 0.103505 0.048363
86 0.228009 0.721602 0.113426 0.047371
86 0.226521 0.774182 0.127646 0.050843
132 0.107970 0.721726 0.113426 0.055556
132 0.101025 0.787574 0.123347 0.061260
96 0.097884 0.895585 0.094577 0.060516
96 0.197090 0.897321 0.083995 0.062996
96 0.197090 0.944816 0.097222 0.043403
96 0.105820 0.946925 0.100529 0.042659
235 0.298776 0.931052 0.109458 0.101190
235 0.414187 0.927455 0.116733 0.103919
208 0.513889 0.880828 0.095899 0.061260
208 0.513889 0.944816 0.074074 0.059772
21 0.236772 0.633433 0.072090 0.091766
21 0.170635 0.627356 0.062169 0.092510
21 0.116733 0.624504 0.052249 0.091766
349 0.337632 0.625248 0.083995 0.060516
