108 0.245441 0.108981 0.054711 0.098890
108 0.289894 0.108981 0.063070 0.098890
187 0.358283 0.100404 0.072188 0.118063
187 0.427812 0.100908 0.077508 0.115035
197 0.513678 0.098385 0.086626 0.114026
197 0.646277 0.099395 0.073708 0.109990
355 0.732903 0.096367 0.067629 0.118063
355 0.819909 0.093845 0.086626 0.121090
23 0.903875 0.083754 0.085866 0.133199
23 0.973404 0.083754 0.053191 0.133199
191 0.908055 0.290616 0.086626 0.121090
191 0.964666 0.290616 0.070669 0.119072
121 0.822568 0.267407 0.072188 0.159435
121 0.750380 0.271443 0.073708 0.147326
194 0.675912 0.293643 0.061550 0.108981
194 0.614742 0.292129 0.060790 0.105954
75 0.547492 0.292129 0.058511 0.105954
75 0.483663 0.292129 0.058511 0.101917
328 0.429331 0.292129 0.054711 0.101917
14 0.378040 0.291120 0.058511 0.101917
148 0.325228 0.292129 0.054711 0.101917
148 0.276976 0.292129 0.053951 0.097881
355 0.221125 0.292129 0.054711 0.095863
355 0.174392 0.292129 0.049392 0.095863
223 0.120061 0.293643 0.054711 0.094854
223 0.061930 0.294652 0.066109 0.098890
330 0.066109 0.476791 0.072948 0.097881
355 0.185790 0.476791 0.076748 0.091826
50 0.245441 0.469223 0.063830 0.102926
50 0.294073 0.466700 0.068389 0.105954
342 0.363602 0.465187 0.072188 0.121090
342 0.438070 0.465187 0.072188 0.123108
342 0.509119 0.466700 0.074468 0.122099
162 0.588906 0.472250 0.079027 0.113017
162 0.658815 0.472250 0.072948 0.113017
30 0.731383 0.465187 0.072188 0.135217
30 0.805471 0.463673 0.077508 0.136226
29 0.888298 0.470737 0.079027 0.128153
29 0.960866 0.471241 0.078267 0.123108
130 0.959726 0.662462 0.080547 0.136226
130 0.884119 0.659939 0.078267 0.135217
289 0.795593 0.663976 0.083587 0.123108
289 0.722644 0.663976 0.068389 0.119072
181 0.654255 0.648335 0.068389 0.134208
181 0.580547 0.646821 0.075988 0.135217
97 0.506079 0.645308 0.068389 0.128153
97 0.433891 0.639758 0.068389 0.127144
164 0.368161 0.642785 0.064590 0.123108
164 0.306991 0.639758 0.063830 0.123108
145 0.240122 0.632694 0.065350 0.127144
35 0.181611 0.626640 0.051672 0.119072
35 0.129939 0.627144 0.063830 0.126135
47 0.066109 0.642785 0.063830 0.104945
205 0.245441 0.832997 0.068389 0.180626
205 0.315350 0.835520 0.068389 0.189707
205 0.388298 0.838547 0.068389 0.189707
218 0.460866 0.835520 0.072188 0.175580
218 0.533435 0.835520 0.077508 0.181635
218 0.601824 0.829465 0.083587 0.159435
53 0.708587 0.875378 0.079787 0.130172
53 0.781155 0.841070 0.066869 0.140262
34 0.842705 0.821393 0.065350 0.141271
34 0.911094 0.829970 0.077508 0.136226
197 0.581307 0.103431 0.079027 0.134208
108 0.207067 0.106963 0.044833 0.110999
129 0.162234 0.112008 0.049392 0.088799
129 0.075988 0.114026 0.053191 0.096872
129 0.029255 0.112008 0.046353 0.100908
