100 0.036797 0.252750 0.073593 0.064500
100 0.147727 0.247750 0.122294 0.091500
347 0.280844 0.252750 0.122294 0.095500
347 0.405303 0.253500 0.115801 0.100000
341 0.512987 0.266250 0.108225 0.080500
341 0.616342 0.269250 0.104978 0.081500
304 0.727814 0.277250 0.107143 0.074500
304 0.817641 0.281000 0.094156 0.078000
137 0.906385 0.306500 0.070346 0.040000
137 0.955628 0.309250 0.058442 0.039500
31 0.957251 0.386250 0.083333 0.058500
64 0.869589 0.391500 0.094156 0.051000
64 0.775433 0.386500 0.104978 0.054000
99 0.674242 0.367750 0.123377 0.080500
99 0.580628 0.368000 0.089827 0.078000
178 0.481602 0.372750 0.077922 0.068500
146 0.416667 0.372750 0.077922 0.068500
106 0.345779 0.374750 0.057359 0.055500
106 0.296537 0.374750 0.069264 0.059500
325 0.227273 0.372750 0.069264 0.059500
325 0.164502 0.371750 0.064935 0.059500
111 0.102814 0.372750 0.077922 0.059500
111 0.028139 0.371750 0.056277 0.054500
63 0.036797 0.466500 0.073593 0.082000
63 0.141234 0.468500 0.091991 0.082000
141 0.231602 0.472250 0.088745 0.075500
141 0.314935 0.471500 0.084416 0.076000
347 0.468615 0.474250 0.080087 0.066500
347 0.551948 0.473250 0.080087 0.066500
347 0.612554 0.472500 0.069264 0.060000
210 0.687229 0.480250 0.071429 0.047500
210 0.749459 0.480250 0.063853 0.047500
332 0.801407 0.480250 0.063853 0.044500
332 0.854978 0.480250 0.056277 0.042500
225 0.904221 0.480250 0.061688 0.043500
225 0.956169 0.482250 0.061688 0.045500
122 0.951840 0.547500 0.083333 0.054000
219 0.612013 0.564250 0.076840 0.054500
219 0.539502 0.564250 0.076840 0.062500
219 0.467532 0.567000 0.075758 0.069000
49 0.387446 0.567250 0.077922 0.074500
49 0.313853 0.567250 0.077922 0.074500
49 0.237554 0.570000 0.083333 0.071000
272 0.145022 0.576750 0.088745 0.066500
272 0.063853 0.575750 0.084416 0.074500
160 0.065476 0.668750 0.100649 0.077500
160 0.130411 0.664750 0.083333 0.070500
160 0.208874 0.661750 0.080087 0.070500
304 0.290043 0.661750 0.077922 0.066500
304 0.365801 0.654000 0.069264 0.060000
304 0.425866 0.653000 0.072511 0.064000
151 0.512987 0.649250 0.077922 0.061500
151 0.568182 0.649250 0.077922 0.061500
151 0.623377 0.643250 0.077922 0.061500
32 0.689935 0.690250 0.066017 0.046500
32 0.746753 0.690250 0.060606 0.042500
32 0.799242 0.686250 0.057359 0.042500
259 0.851732 0.685250 0.060606 0.041500
259 0.904762 0.681500 0.056277 0.039000
100 0.602273 0.767500 0.066017 0.060000
100 0.532468 0.763500 0.054113 0.047000
100 0.477814 0.767250 0.070346 0.046500
100 0.427489 0.771250 0.069264 0.049500
100 0.369589 0.780000 0.066017 0.051000
171 0.287338 0.736250 0.070346 0.051500
171 0.206710 0.740000 0.075758 0.054000
171 0.145022 0.743750 0.069264 0.054500
171 0.082792 0.744750 0.081169 0.054500
171 0.082251 0.793750 0.077922 0.054500
171 0.144481 0.792750 0.061688 0.051500
171 0.201299 0.789750 0.077922 0.052500
171 0.268939 0.788750 0.066017 0.051500
189 0.719156 0.613750 0.087662 0.028500
189 0.718615 0.637000 0.086580 0.021000
309 0.806277 0.633250 0.090909 0.022500
309 0.807359 0.612250 0.090909 0.024500
46 0.890152 0.611250 0.081169 0.023500
46 0.890693 0.631500 0.082251 0.019000
177 0.770563 0.563250 0.058442 0.044500
177 0.709416 0.563000 0.079004 0.045000
334 0.823593 0.561500 0.058442 0.042000
334 0.871753 0.561500 0.053030 0.040000
100 0.443723 0.718500 0.067100 0.046000
100 0.647727 0.752750 0.046537 0.039500
100 0.688853 0.747000 0.033550 0.037000
100 0.751623 0.759750 0.046537 0.046500
