280 0.175099 0.055060 0.091601 0.110119
280 0.253638 0.056052 0.077381 0.112103
52 0.574570 0.093254 0.094907 0.071925
52 0.662864 0.095362 0.073082 0.064732
333 0.760582 0.093254 0.078704 0.086806
143 0.859292 0.114955 0.110119 0.054812
82 0.637235 0.415675 0.065476 0.054067
82 0.574570 0.421751 0.064484 0.059772
82 0.562335 0.366195 0.066468 0.049851
207 0.428902 0.360119 0.087302 0.059028
207 0.498677 0.423983 0.080688 0.057292
207 0.413525 0.430928 0.084987 0.071181
236 0.313327 0.374752 0.111442 0.071925
236 0.314153 0.444444 0.093915 0.059028
236 0.204530 0.446057 0.108135 0.063740
244 0.087798 0.452505 0.123347 0.067212
244 0.084987 0.376860 0.130952 0.071181
236 0.204034 0.377976 0.093915 0.070437
38 0.077381 0.587054 0.078704 0.102183
38 0.151124 0.583085 0.068783 0.105655
21 0.207176 0.554936 0.069775 0.090030
21 0.331845 0.551835 0.067791 0.102183
21 0.397156 0.544519 0.058862 0.098958
39 0.453208 0.529514 0.044643 0.098214
39 0.507275 0.530754 0.050265 0.089286
39 0.558697 0.525422 0.039352 0.094990
66 0.906581 0.506448 0.084987 0.039187
66 0.827050 0.452133 0.080688 0.030258
96 0.848876 0.582961 0.058862 0.044891
96 0.912037 0.576885 0.058862 0.049107
96 0.913360 0.619544 0.056878 0.032738
96 0.853340 0.625496 0.061177 0.041667
235 0.782407 0.628968 0.078704 0.089286
235 0.697090 0.637525 0.087302 0.085069
271 0.608962 0.616691 0.069775 0.059772
271 0.617560 0.669023 0.061177 0.048363
271 0.543816 0.680928 0.081680 0.045883
271 0.531911 0.626984 0.066468 0.059028
349 0.456019 0.640377 0.087302 0.053075
349 0.471892 0.704613 0.075397 0.059028
349 0.381944 0.709821 0.087302 0.056548
349 0.367560 0.645213 0.084987 0.066220
152 0.279266 0.700893 0.084987 0.069444
152 0.205026 0.745784 0.095899 0.062996
86 0.076885 0.760169 0.131944 0.070437
338 0.073578 0.878844 0.138558 0.101438
246 0.213294 0.878596 0.121032 0.076141
246 0.313492 0.834325 0.092593 0.069444
246 0.433366 0.849826 0.104828 0.077629
132 0.504134 0.778274 0.067791 0.054067
132 0.619213 0.797991 0.088294 0.067212
208 0.702712 0.781126 0.056878 0.066220
208 0.758267 0.765501 0.056878 0.077629
208 0.787037 0.716022 0.077381 0.091766
33 0.871032 0.702505 0.070767 0.082589
