224 0.085818 0.159420 0.141015 0.077295
224 0.077357 0.092190 0.145044 0.081320
41 0.198227 0.087359 0.117647 0.068438
41 0.190572 0.224235 0.120064 0.063607
41 0.226027 0.048309 0.099114 0.056361
128 0.413779 0.082528 0.121676 0.049114
128 0.410153 0.124396 0.132151 0.063607
128 0.410959 0.174316 0.133763 0.063607
128 0.411765 0.224235 0.133763 0.066828
326 0.623691 0.099839 0.106366 0.072464
326 0.622079 0.156200 0.101531 0.067633
326 0.623691 0.211755 0.099919 0.070853
168 0.691781 0.059984 0.100725 0.065217
168 0.740935 0.106683 0.112006 0.074879
168 0.751410 0.161433 0.121676 0.076490
168 0.753425 0.219807 0.119259 0.072464
168 0.789686 0.055153 0.104754 0.058776
168 0.838840 0.103462 0.114424 0.071659
168 0.860999 0.161433 0.116841 0.074879
168 0.857776 0.219404 0.116841 0.071659
175 0.151088 0.340580 0.110395 0.066023
175 0.134166 0.398148 0.108783 0.078100
175 0.120467 0.459340 0.097502 0.071659
43 0.222804 0.380435 0.116841 0.074879
43 0.215149 0.437601 0.119259 0.066828
43 0.214343 0.482689 0.114424 0.052335
175 0.343674 0.352254 0.155520 0.081320
175 0.338840 0.415862 0.158743 0.076490
175 0.338437 0.474638 0.156326 0.070048
326 0.462530 0.316828 0.106366 0.060386
326 0.462127 0.373188 0.108783 0.079710
326 0.450040 0.430354 0.103948 0.061997
326 0.448429 0.479469 0.079774 0.060386
355 0.568896 0.312802 0.054795 0.052335
355 0.568493 0.357488 0.058824 0.070853
18 0.651491 0.464573 0.105560 0.085346
18 0.643433 0.398953 0.110395 0.078100
351 0.740935 0.314815 0.107172 0.059581
351 0.738517 0.361514 0.110395 0.064412
351 0.736906 0.407407 0.110395 0.074074
351 0.738114 0.457729 0.099919 0.065217
351 0.842063 0.466586 0.120870 0.079710
351 0.842063 0.363527 0.133763 0.079710
351 0.837228 0.311997 0.103143 0.058776
351 0.840048 0.416264 0.131346 0.072464
88 0.942385 0.470612 0.103948 0.055556
88 0.942385 0.428341 0.103948 0.054750
88 0.942385 0.389694 0.103948 0.064412
88 0.942385 0.343800 0.103948 0.057971
88 0.946817 0.305958 0.095085 0.046699
283 0.820709 0.555958 0.216761 0.033011
283 0.820709 0.586151 0.216761 0.056361
283 0.831990 0.613929 0.186140 0.039452
283 0.854956 0.656602 0.228848 0.087762
355 0.127317 0.603060 0.111201 0.061192
355 0.128122 0.646538 0.107977 0.054750
355 0.127720 0.686795 0.105560 0.053140
355 0.135375 0.556763 0.103143 0.041063
139 0.244158 0.566828 0.122482 0.059581
139 0.240532 0.626006 0.131346 0.078100
139 0.240532 0.676329 0.123288 0.064412
213 0.370266 0.559581 0.113618 0.045089
213 0.368654 0.596216 0.116841 0.052335
213 0.367446 0.637279 0.112812 0.053945
213 0.466156 0.622786 0.094279 0.071659
213 0.466559 0.669082 0.091861 0.061192
232 0.677679 0.593398 0.111201 0.066023
232 0.684126 0.661836 0.116035 0.072464
102 0.197824 0.876409 0.244158 0.076490
102 0.199436 0.916667 0.244158 0.076490
102 0.200242 0.945652 0.236100 0.063607
102 0.200645 0.830515 0.254633 0.092593
102 0.237712 0.786634 0.188558 0.045089
80 0.417405 0.755636 0.186946 0.037842
80 0.416600 0.807568 0.186946 0.082126
80 0.417405 0.863527 0.186946 0.049114
80 0.418614 0.903382 0.182917 0.049919
72 0.642627 0.894928 0.205479 0.076490
72 0.642627 0.944444 0.189363 0.045089
72 0.634166 0.814412 0.188558 0.079710
275 0.848912 0.929549 0.210314 0.068438
275 0.835616 0.855475 0.204674 0.076490
275 0.813860 0.811192 0.186946 0.058776
275 0.803384 0.757246 0.190169 0.047504
273 0.520951 0.075684 0.092667 0.049919
273 0.521757 0.126409 0.092667 0.046699
273 0.522965 0.173913 0.098308 0.046699
273 0.524577 0.223027 0.098308 0.046699
41 0.197019 0.131240 0.113618 0.059581
41 0.190572 0.170692 0.124899 0.059581
224 0.066882 0.215378 0.114424 0.057166
