333 0.030178 0.327002 0.059743 0.067402
70 0.041820 0.436479 0.045650 0.066585
228 0.086703 0.432394 0.045956 0.073938
228 0.133578 0.432394 0.045956 0.073121
228 0.178615 0.430556 0.045956 0.075980
38 0.223499 0.427492 0.040748 0.076389
38 0.268382 0.427492 0.049632 0.073121
38 0.312347 0.427492 0.036458 0.070670
38 0.345588 0.427492 0.034314 0.076389
21 0.374847 0.425654 0.034007 0.075980
21 0.429534 0.425449 0.032475 0.073121
21 0.461703 0.424632 0.031250 0.073121
21 0.489124 0.424632 0.031556 0.070670
39 0.519301 0.424632 0.036765 0.069036
39 0.564338 0.421569 0.031250 0.068627
3 0.774203 0.424632 0.045956 0.060049
3 0.824142 0.424632 0.052696 0.060049
3 0.867953 0.423611 0.049632 0.060458
233 0.903186 0.431373 0.034314 0.041667
233 0.934436 0.431373 0.039216 0.040850
233 0.968597 0.432394 0.034007 0.041258
233 0.985754 0.431373 0.028493 0.040033
250 0.987132 0.498775 0.023284 0.040033
250 0.933058 0.496732 0.034007 0.044118
250 0.903186 0.496732 0.027574 0.042484
52 0.867953 0.496936 0.039828 0.045343
52 0.828891 0.496936 0.040135 0.045343
52 0.792739 0.496936 0.040135 0.045343
52 0.755668 0.496732 0.040135 0.044118
52 0.719516 0.496732 0.045650 0.044118
52 0.674632 0.499796 0.045956 0.042892
92 0.234069 0.593954 0.031863 0.035948
92 0.262255 0.593954 0.035539 0.035948
92 0.292433 0.593954 0.030331 0.035948
92 0.318321 0.593954 0.028186 0.035948
92 0.345282 0.593954 0.030637 0.035948
92 0.372702 0.593954 0.030331 0.035948
92 0.398897 0.593954 0.030637 0.035948
345 0.427696 0.592525 0.030637 0.033088
345 0.455729 0.591912 0.030331 0.031863
212 0.488664 0.593954 0.026961 0.035948
212 0.516544 0.593954 0.028186 0.035948
212 0.543505 0.593954 0.027574 0.035948
212 0.568015 0.593954 0.027574 0.035948
152 0.605086 0.585989 0.039216 0.042892
152 0.637102 0.583538 0.028493 0.037990
152 0.669271 0.582721 0.035846 0.036356
152 0.707567 0.581699 0.041360 0.034314
82 0.773897 0.578227 0.031250 0.040441
82 0.799020 0.577206 0.023897 0.040850
82 0.825368 0.577410 0.033701 0.040441
276 0.985754 0.570261 0.028493 0.039216
158 0.966146 0.571283 0.022365 0.037990
158 0.942862 0.571895 0.034007 0.038399
158 0.916667 0.572917 0.026961 0.038807
158 0.889400 0.573325 0.034926 0.039624
349 0.261029 0.705882 0.046569 0.049020
296 0.301164 0.704248 0.041667 0.045752
296 0.464461 0.692606 0.038603 0.044526
296 0.424326 0.694444 0.039216 0.048203
296 0.384804 0.695670 0.039216 0.050654
296 0.348805 0.693015 0.036458 0.045343
132 0.618413 0.674632 0.041360 0.041258
227 0.598652 0.677492 0.003676 0.047794
271 0.666054 0.676266 0.035539 0.045343
271 0.701440 0.675858 0.038909 0.039624
271 0.739583 0.673815 0.037990 0.040441
236 0.781403 0.640114 0.040748 0.026961
236 0.780331 0.672998 0.038603 0.042892
236 0.810355 0.664216 0.022672 0.045752
233 0.847120 0.667075 0.038603 0.040850
233 0.882506 0.665850 0.040135 0.038399
300 0.904565 0.664624 0.012561 0.035948
207 0.920650 0.664420 0.023284 0.035539
207 0.964461 0.664828 0.030025 0.036356
208 0.810202 0.720792 0.026654 0.040441
96 0.877145 0.724877 0.026348 0.046160
96 0.843597 0.723243 0.045650 0.045343
96 0.881893 0.763685 0.037684 0.034722
96 0.847426 0.765114 0.037990 0.037582
208 0.809896 0.766953 0.039522 0.041258
8 0.921262 0.755310 0.048407 0.045752
8 0.960172 0.753676 0.058211 0.042484
33 0.854933 0.860907 0.052390 0.078023
33 0.899510 0.858047 0.052083 0.072304
33 0.948989 0.855596 0.055453 0.068219
33 0.982690 0.853350 0.028493 0.063725
235 0.765931 0.871528 0.050245 0.073121
235 0.809283 0.868873 0.051164 0.068627
243 0.700827 0.854167 0.070159 0.044118
243 0.703278 0.892565 0.075061 0.046569
243 0.625613 0.874183 0.077819 0.046569
243 0.624387 0.904208 0.075980 0.042892
86 0.536305 0.908905 0.097120 0.058824
86 0.539522 0.865605 0.094363 0.044935
84 0.437500 0.926266 0.101716 0.058415
338 0.227482 0.953431 0.111213 0.052288
338 0.332108 0.946895 0.104167 0.039216
329 0.141238 0.940155 0.063113 0.083742
329 0.085172 0.940564 0.065564 0.085376
329 0.035692 0.940564 0.063419 0.085376
355 0.184589 0.822917 0.038909 0.052696
246 0.334712 0.810458 0.053002 0.044935
246 0.283548 0.811275 0.054228 0.046569
246 0.232690 0.811479 0.052390 0.046977
246 0.385263 0.806577 0.045650 0.028186
246 0.434283 0.806168 0.047488 0.029003
246 0.482996 0.802083 0.046875 0.031454
230 0.384804 0.791258 0.049632 0.009804
86 0.576746 0.746528 0.044424 0.048611
86 0.620711 0.743056 0.045343 0.048203
86 0.661765 0.737745 0.048407 0.048203
86 0.666360 0.777574 0.044730 0.042892
86 0.623009 0.782884 0.046262 0.040441
86 0.577359 0.786560 0.045650 0.037990
86 0.532475 0.792279 0.042892 0.042075
109 0.706189 0.773693 0.035539 0.042484
109 0.738817 0.772263 0.039522 0.039624
109 0.775123 0.770833 0.036765 0.036765
132 0.529412 0.688930 0.044730 0.042892
132 0.575674 0.687296 0.048407 0.039624
5 0.310049 0.310253 0.091299 0.041258
5 0.305453 0.345180 0.092525 0.034314
11 0.380055 0.329248 0.056066 0.066993
327 0.439185 0.342525 0.055453 0.041258
239 0.481771 0.327002 0.026654 0.071487
239 0.507966 0.327819 0.025735 0.070670
239 0.533088 0.328840 0.025123 0.068627
239 0.554228 0.331904 0.018382 0.063317
188 0.662071 0.336397 0.026348 0.053513
188 0.637255 0.335376 0.028186 0.053922
188 0.609988 0.335580 0.025735 0.053513
188 0.585938 0.337623 0.027267 0.061683
307 0.690564 0.337010 0.027574 0.052288
307 0.715227 0.337214 0.027267 0.052696
307 0.739277 0.337010 0.026961 0.053105
307 0.763174 0.337418 0.027574 0.052288
280 0.791667 0.336193 0.020833 0.054739
280 0.809589 0.335784 0.026042 0.055556
280 0.833333 0.336193 0.026348 0.053922
280 0.857384 0.335784 0.022365 0.053922
280 0.879596 0.335784 0.025123 0.053105
343 0.958793 0.342525 0.027880 0.037173
343 0.933824 0.342729 0.029412 0.037582
66 0.445312 0.514910 0.051777 0.038807
66 0.496630 0.514297 0.051471 0.037582
66 0.546569 0.513685 0.050245 0.035539
244 0.632966 0.504493 0.039828 0.047386
244 0.593290 0.504902 0.040748 0.049837
39 0.590533 0.426266 0.026654 0.066585
39 0.615349 0.425858 0.027880 0.064951
143 0.662684 0.407884 0.066176 0.039624
143 0.664828 0.442198 0.060049 0.031454
143 0.724112 0.407271 0.060968 0.037582
143 0.724571 0.441176 0.059436 0.031863
349 0.125153 0.715891 0.046262 0.046160
349 0.170803 0.714461 0.043199 0.043301
349 0.213082 0.713235 0.044424 0.040850
349 0.077665 0.720792 0.046875 0.042892
294 0.108456 0.343954 0.101716 0.035131
5 0.220588 0.344975 0.079044 0.033905
242 0.880668 0.704453 0.019301 0.018382
150 0.148438 0.823938 0.039522 0.054739
150 0.112439 0.823121 0.042279 0.053105
204 0.069240 0.820670 0.039828 0.052288
73 0.039522 0.744281 0.039216 0.054739
