235 0.488219 0.859127 0.045883 0.091931
33 0.602431 0.847553 0.042659 0.083333
33 0.650174 0.852348 0.045883 0.092262
33 0.695188 0.851356 0.045635 0.089616
243 0.748884 0.830688 0.057788 0.041667
243 0.747024 0.866071 0.053571 0.054233
243 0.818204 0.825066 0.059524 0.046958
243 0.821181 0.867063 0.069940 0.049603
338 0.717634 0.741402 0.069692 0.039021
271 0.666915 0.736111 0.039187 0.072090
271 0.630828 0.737103 0.038442 0.076058
152 0.598462 0.737103 0.034226 0.076058
152 0.562376 0.763558 0.038938 0.037037
86 0.527158 0.765377 0.042907 0.040675
86 0.487227 0.767857 0.042907 0.042989
86 0.443328 0.769015 0.045883 0.040675
296 0.377852 0.666832 0.038938 0.049272
296 0.416915 0.662864 0.034226 0.051257
5 0.117684 0.342427 0.082589 0.034722
5 0.115451 0.373843 0.081101 0.031415
5 0.202381 0.342427 0.080853 0.034722
5 0.191840 0.373016 0.077133 0.031746
188 0.471106 0.364087 0.023562 0.048942
188 0.493676 0.364583 0.023562 0.048611
188 0.516617 0.364583 0.023313 0.047288
188 0.539435 0.364583 0.022817 0.047950
188 0.562252 0.364583 0.023810 0.048611
307 0.587674 0.365575 0.023562 0.047288
307 0.610863 0.365575 0.023313 0.047288
307 0.633557 0.365410 0.023065 0.047619
307 0.656622 0.365245 0.024058 0.048611
307 0.679315 0.365079 0.023313 0.048942
349 0.451637 0.637401 0.036210 0.041336
349 0.487723 0.637070 0.035466 0.041336
349 0.523686 0.637401 0.035962 0.042659
349 0.523438 0.670139 0.034474 0.030093
349 0.488591 0.670800 0.034722 0.028770
349 0.453001 0.670966 0.035962 0.028439
207 0.589658 0.656415 0.034474 0.045635
207 0.626736 0.663029 0.041171 0.048280
12 0.663566 0.665179 0.036954 0.041336
12 0.696181 0.664683 0.032738 0.041667
21 0.733507 0.655423 0.024554 0.058201
21 0.768973 0.654927 0.025050 0.057870
21 0.789559 0.654431 0.018601 0.056878
21 0.814980 0.651786 0.027282 0.058201
39 0.835193 0.651290 0.021577 0.059193
39 0.855531 0.650959 0.023562 0.059193
246 0.773313 0.708168 0.034226 0.022156
246 0.776414 0.736111 0.038442 0.038360
246 0.813616 0.736111 0.040427 0.037698
246 0.811260 0.708003 0.041171 0.021164
96 0.529638 0.846561 0.033978 0.046958
96 0.529638 0.887070 0.033978 0.035384
96 0.562624 0.885913 0.031498 0.037037
96 0.562748 0.845403 0.032242 0.044643
143 0.396701 0.894676 0.052827 0.030093
143 0.396577 0.864914 0.053075 0.028108
208 0.445437 0.846726 0.027282 0.045966
208 0.448413 0.885251 0.027282 0.031746
73 0.123884 0.840443 0.036954 0.041336
73 0.158730 0.837798 0.026786 0.036045
265 0.186880 0.843419 0.032986 0.047288
265 0.214906 0.839947 0.031498 0.037698
265 0.215154 0.887566 0.031002 0.031746
265 0.184648 0.884921 0.033978 0.037698
73 0.152406 0.888558 0.036458 0.033730
73 0.116319 0.889550 0.033730 0.029762
204 0.250620 0.845734 0.034970 0.049272
204 0.250496 0.886574 0.032242 0.031746
204 0.283730 0.885582 0.031746 0.029762
204 0.285218 0.837467 0.032242 0.040013
264 0.317212 0.847884 0.034226 0.051587
204 0.349702 0.837136 0.031250 0.037368
264 0.349702 0.889716 0.031250 0.041336
264 0.318948 0.891700 0.032738 0.040675
109 0.232019 0.868056 0.003224 0.093254
284 0.123140 0.727679 0.035962 0.030093
217 0.161086 0.727183 0.024554 0.032407
157 0.188864 0.725860 0.034970 0.031746
231 0.256944 0.728175 0.031250 0.038360
231 0.255456 0.771495 0.034226 0.049603
284 0.222222 0.766038 0.033234 0.037368
157 0.189484 0.769511 0.031746 0.030423
217 0.155134 0.771329 0.031994 0.029431
217 0.126860 0.767526 0.025546 0.022487
355 0.290675 0.770833 0.032242 0.037037
355 0.323785 0.769841 0.032986 0.039021
355 0.322793 0.732308 0.036458 0.047950
355 0.293279 0.724041 0.024058 0.030093
109 0.362599 0.729001 0.036210 0.042659
109 0.362103 0.769511 0.037202 0.040344
109 0.396701 0.768519 0.035466 0.041667
92 0.263889 0.541997 0.019345 0.029101
92 0.286210 0.540840 0.026786 0.032077
92 0.287202 0.582011 0.022321 0.023810
92 0.262897 0.582176 0.020833 0.024140
345 0.320437 0.536376 0.024306 0.026455
345 0.346478 0.533896 0.021825 0.031415
345 0.340650 0.582672 0.021577 0.040344
345 0.317460 0.582011 0.024306 0.041005
0 0.369296 0.580688 0.021329 0.036376
0 0.394469 0.582672 0.022569 0.035053
212 0.420759 0.579200 0.023065 0.027447
212 0.444692 0.577712 0.023313 0.031085
250 0.559152 0.579034 0.027034 0.042989
158 0.500248 0.582011 0.023313 0.038360
158 0.473958 0.583168 0.023810 0.035384
52 0.757688 0.536210 0.042163 0.045966
52 0.786210 0.533069 0.041667 0.044312
52 0.793155 0.575066 0.038194 0.041005
52 0.757688 0.577050 0.038194 0.039021
82 0.723710 0.577546 0.029266 0.037368
82 0.705109 0.573743 0.029266 0.042989
244 0.760169 0.473214 0.044147 0.042328
66 0.803819 0.478340 0.046131 0.031415
66 0.800471 0.446098 0.052331 0.037037
132 0.837674 0.435681 0.049851 0.042659
132 0.884921 0.436177 0.049107 0.042328
132 0.893849 0.474537 0.043651 0.037698
132 0.849578 0.474868 0.045883 0.037698
3 0.599206 0.466270 0.042163 0.057540
3 0.647197 0.467427 0.045883 0.055225
38 0.671875 0.462467 0.024802 0.063823
38 0.702629 0.460979 0.026786 0.067460
38 0.722098 0.461475 0.027034 0.065807
68 0.703621 0.366071 0.022817 0.046296
68 0.725694 0.366237 0.024306 0.045966
68 0.748388 0.366237 0.024058 0.045966
68 0.770833 0.365575 0.024306 0.047288
62 0.800595 0.355655 0.062500 0.067791
62 0.847842 0.353175 0.054812 0.071429
329 0.892113 0.366237 0.035714 0.045304
329 0.934648 0.359292 0.051835 0.059193
270 0.377480 0.343915 0.035714 0.089947
270 0.339534 0.340112 0.046131 0.099537
11 0.297247 0.336971 0.046379 0.103836
11 0.259301 0.339616 0.040923 0.098545
311 0.390005 0.453869 0.035962 0.035384
311 0.389881 0.483962 0.034226 0.026786
333 0.427083 0.469742 0.035714 0.054563
280 0.457465 0.471230 0.022569 0.050926
280 0.479539 0.470734 0.022073 0.051918
280 0.501488 0.470734 0.022817 0.051918
