139 0.393047 0.968797 0.217091 0.062405
139 0.171975 0.972130 0.211253 0.055741
139 0.183121 0.913965 0.257962 0.084823
139 0.198779 0.854287 0.240446 0.052711
139 0.378981 0.853075 0.231423 0.055741
139 0.383758 0.906846 0.225053 0.084520
185 0.650212 0.916389 0.131635 0.154499
185 0.753715 0.911542 0.134820 0.149652
313 0.907378 0.905635 0.185244 0.074826
313 0.910032 0.958043 0.179936 0.063314
80 0.225849 0.070585 0.451699 0.064829
80 0.225053 0.136777 0.450106 0.073614
80 0.226115 0.191457 0.452229 0.060588
80 0.225849 0.249015 0.451699 0.073917
80 0.671178 0.257649 0.437898 0.058467
80 0.669321 0.201151 0.440552 0.065435
80 0.670117 0.144502 0.449575 0.071493
80 0.669321 0.084065 0.443737 0.074826
6 0.671178 0.387155 0.383758 0.091487
6 0.671178 0.459103 0.383758 0.070585
6 0.670117 0.520448 0.378450 0.064223
283 0.233811 0.485762 0.447452 0.132384
283 0.293790 0.385641 0.361465 0.055135
213 0.361996 0.740685 0.220807 0.081793
213 0.151539 0.752196 0.201168 0.058770
213 0.173301 0.696910 0.241507 0.075432
213 0.225849 0.648743 0.152335 0.034232
213 0.388800 0.648137 0.170382 0.037261
213 0.389331 0.666616 0.169321 0.051197
213 0.376592 0.700394 0.194798 0.048470
269 0.645435 0.738716 0.347134 0.074826
110 0.908439 0.646622 0.165074 0.048773
110 0.905520 0.672523 0.171975 0.049076
110 0.903928 0.697364 0.174098 0.050288
110 0.900478 0.722660 0.168259 0.051197
