232 0.080411 0.577822 0.127756 0.055996
232 0.189880 0.616182 0.120240 0.068342
232 0.187124 0.666226 0.112725 0.059083
275 0.349449 0.820767 0.171844 0.068342
80 0.590681 0.878086 0.235471 0.085097
355 0.667585 0.704586 0.197896 0.055556
195 0.667836 0.650794 0.204409 0.064374
355 0.667836 0.608907 0.204409 0.055556
237 0.667836 0.531085 0.183367 0.068342
237 0.667585 0.478836 0.197896 0.057319
237 0.667836 0.433642 0.204409 0.050705
213 0.667836 0.364198 0.145291 0.055556
213 0.667585 0.310406 0.137776 0.055556
10 0.679609 0.082892 0.204910 0.055556
10 0.681112 0.133377 0.204910 0.050705
10 0.681112 0.188933 0.201904 0.050705
213 0.681112 0.253086 0.130762 0.050265
355 0.843687 0.610891 0.235471 0.057760
80 0.818637 0.787919 0.218437 0.050265
213 0.943387 0.374780 0.113226 0.051146
213 0.939128 0.322751 0.121743 0.055556
213 0.939128 0.268739 0.121743 0.050705
10 0.931363 0.195767 0.137275 0.050265
10 0.935120 0.141975 0.129760 0.044974
10 0.932866 0.088183 0.134269 0.051146
213 0.811373 0.263668 0.128758 0.051146
213 0.805361 0.310406 0.128758 0.051146
213 0.803858 0.360670 0.123747 0.051146
80 0.803858 0.886023 0.231964 0.048060
80 0.810371 0.833113 0.217936 0.057760
139 0.070140 0.062610 0.125251 0.053792
139 0.070892 0.111111 0.131764 0.052910
139 0.071142 0.156526 0.127255 0.051146
139 0.192134 0.163360 0.124749 0.052469
139 0.195140 0.116402 0.125752 0.054674
139 0.194890 0.068122 0.123246 0.056878
139 0.315631 0.075176 0.125251 0.054233
139 0.316633 0.123677 0.124248 0.051587
139 0.314629 0.169753 0.127255 0.052028
139 0.428106 0.174162 0.094689 0.051146
139 0.428106 0.127646 0.098697 0.052469
139 0.428106 0.076940 0.105711 0.057760
213 0.187625 0.335317 0.123747 0.057760
213 0.302104 0.339286 0.126253 0.054233
213 0.305361 0.294312 0.124749 0.054233
213 0.304860 0.246252 0.126754 0.054233
213 0.418587 0.250882 0.105711 0.051146
213 0.399549 0.298942 0.068637 0.052910
213 0.399549 0.347443 0.065631 0.052028
213 0.567385 0.354718 0.074649 0.053351
213 0.568637 0.306658 0.071142 0.051587
213 0.554860 0.258598 0.099699 0.055996
269 0.312625 0.506393 0.200401 0.067460
275 0.157816 0.781746 0.217435 0.085538
275 0.137024 0.849206 0.227956 0.083774
232 0.063878 0.623457 0.113727 0.057319
232 0.061623 0.672178 0.123246 0.055115
232 0.242234 0.580026 0.097695 0.055115
269 0.116483 0.495591 0.193888 0.083774
80 0.835671 0.941799 0.249499 0.104938
80 0.595942 0.772928 0.228958 0.071429
80 0.589178 0.823413 0.241483 0.041887
355 0.873998 0.676587 0.199900 0.062169
355 0.874248 0.733025 0.207415 0.062169
237 0.881764 0.445767 0.217435 0.055556
237 0.879259 0.495591 0.219439 0.058201
237 0.875000 0.544753 0.223948 0.063051
