13 0.068328 0.053571 0.073661 0.107143
13 0.130704 0.064319 0.059524 0.127315
294 0.187376 0.064153 0.059772 0.128307
294 0.238219 0.068122 0.048363 0.136243
11 0.287078 0.107143 0.045883 0.118386
11 0.341642 0.154101 0.081597 0.099868
355 0.402158 0.197090 0.045883 0.064153
355 0.440228 0.211806 0.039683 0.053241
355 0.474454 0.223380 0.034226 0.047950
355 0.505828 0.231151 0.038938 0.054233
323 0.569196 0.237103 0.054563 0.091931
355 0.616071 0.264550 0.042659 0.076058
355 0.645337 0.275132 0.036706 0.068783
355 0.676711 0.296792 0.035962 0.059193
355 0.703001 0.299603 0.039435 0.061508
307 0.880704 0.341601 0.042659 0.048280
307 0.909102 0.350364 0.036458 0.049272
307 0.939360 0.362103 0.039435 0.041667
188 0.968626 0.416832 0.032986 0.041997
333 0.987227 0.429563 0.023065 0.039683
188 0.941344 0.415013 0.031994 0.035714
307 0.918775 0.399306 0.037450 0.039352
307 0.897321 0.395337 0.034226 0.039352
68 0.871900 0.383598 0.031994 0.039683
52 0.739211 0.429563 0.033978 0.039683
52 0.702133 0.408069 0.038194 0.043651
244 0.665799 0.399140 0.045883 0.041667
244 0.630704 0.393519 0.038194 0.041667
244 0.605407 0.391369 0.038194 0.039352
355 0.532986 0.365079 0.039187 0.049603
355 0.491071 0.365079 0.040675 0.041667
355 0.445188 0.353340 0.045635 0.043981
355 0.443328 0.314319 0.045883 0.049272
355 0.491071 0.325893 0.042659 0.047950
355 0.530134 0.326058 0.042411 0.041667
39 0.533110 0.453042 0.035962 0.054233
21 0.575149 0.470569 0.033730 0.054233
39 0.607267 0.490079 0.036458 0.064153
39 0.640501 0.493882 0.042907 0.066468
39 0.680556 0.501819 0.036706 0.070437
231 0.104043 0.580026 0.064732 0.071429
231 0.116195 0.510251 0.066220 0.077381
217 0.178695 0.515212 0.051835 0.069444
217 0.179563 0.578704 0.049603 0.062831
264 0.236855 0.518849 0.048611 0.061508
264 0.283358 0.523644 0.044395 0.059193
264 0.234127 0.579696 0.050595 0.063492
264 0.280506 0.588294 0.048611 0.060185
265 0.374876 0.529762 0.040923 0.049603
265 0.330605 0.525628 0.043651 0.051257
265 0.329985 0.586640 0.044891 0.041667
265 0.374380 0.591104 0.042907 0.041997
66 0.428075 0.556217 0.050099 0.045635
66 0.430928 0.599868 0.055804 0.040344
66 0.482639 0.601852 0.051091 0.038360
243 0.548983 0.563327 0.068700 0.044643
243 0.551215 0.602844 0.073165 0.042328
109 0.599578 0.603175 0.035466 0.042328
109 0.629340 0.606647 0.034970 0.037368
109 0.629836 0.568452 0.036954 0.043651
109 0.599950 0.563492 0.033234 0.046958
208 0.639881 0.693122 0.035218 0.039021
3 0.669395 0.685681 0.033730 0.051257
38 0.690352 0.682870 0.025050 0.053571
38 0.702381 0.681713 0.017857 0.050595
38 0.715154 0.682044 0.024554 0.051918
329 0.599206 0.678737 0.040675 0.074405
143 0.466394 0.679398 0.064732 0.040675
143 0.464038 0.710317 0.060020 0.028439
143 0.519841 0.707672 0.058036 0.027778
143 0.522073 0.678241 0.055556 0.038360
73 0.378720 0.694444 0.037698 0.053571
73 0.413814 0.700231 0.037450 0.051918
73 0.415179 0.650132 0.034722 0.035714
284 0.337922 0.696594 0.036458 0.048611
284 0.293899 0.716435 0.044147 0.047288
284 0.297743 0.667824 0.052331 0.053241
157 0.243428 0.662698 0.044891 0.058862
157 0.243180 0.717758 0.045883 0.052579
157 0.192708 0.720403 0.054067 0.065807
157 0.196057 0.662533 0.052331 0.057870
204 0.091518 0.654431 0.058532 0.042989
204 0.148189 0.654431 0.040923 0.041667
204 0.146825 0.705357 0.043155 0.061508
204 0.095486 0.706680 0.060516 0.063492
235 0.330109 0.837302 0.063492 0.079365
235 0.385045 0.832507 0.059772 0.069775
235 0.435392 0.829530 0.055308 0.063823
235 0.474702 0.829861 0.024802 0.045966
355 0.496032 0.825893 0.028274 0.044643
96 0.553447 0.801587 0.063740 0.057540
96 0.540055 0.804233 0.037450 0.052910
96 0.538318 0.755456 0.033978 0.043320
96 0.568080 0.753638 0.034474 0.043651
338 0.840030 0.772156 0.050595 0.033069
338 0.847842 0.747354 0.045883 0.027778
338 0.801339 0.748677 0.051587 0.030423
338 0.798983 0.772652 0.038938 0.026124
33 0.607391 0.773479 0.033730 0.058862
33 0.633929 0.770833 0.040179 0.054894
33 0.672743 0.777447 0.056300 0.067460
8 0.712550 0.762235 0.044643 0.037698
8 0.708209 0.793651 0.037946 0.031085
208 0.271205 0.862599 0.052331 0.049272
208 0.222098 0.835483 0.057788 0.062500
208 0.275794 0.798446 0.046131 0.060516
109 0.689856 0.575728 0.039931 0.041005
152 0.724950 0.573743 0.031746 0.037698
152 0.731895 0.612765 0.022321 0.026455
152 0.715402 0.611276 0.025050 0.026786
109 0.685020 0.608962 0.029266 0.028108
109 0.663690 0.605159 0.023810 0.035053
152 0.670015 0.566468 0.031994 0.039683
296 0.760045 0.612765 0.024058 0.029762
296 0.780382 0.613426 0.021577 0.027116
349 0.800967 0.611772 0.020089 0.035053
349 0.817088 0.614253 0.024554 0.029431
349 0.825769 0.613757 0.023065 0.032407
109 0.771081 0.577216 0.021825 0.031415
207 0.717634 0.482804 0.039931 0.042989
207 0.741319 0.488591 0.020337 0.034722
207 0.761409 0.493386 0.030754 0.042989
207 0.764013 0.529597 0.026042 0.036706
207 0.741443 0.524636 0.029018 0.040013
207 0.716270 0.521164 0.036706 0.041005
355 0.817708 0.537533 0.033730 0.035384
355 0.792659 0.533069 0.020833 0.037037
233 0.804812 0.502480 0.019841 0.032738
233 0.819692 0.505787 0.018353 0.030754
355 0.789931 0.499835 0.015377 0.030754
233 0.880952 0.549769 0.025794 0.030754
250 0.896949 0.553075 0.013641 0.026786
250 0.906126 0.553241 0.013145 0.027116
233 0.850446 0.542659 0.018849 0.024471
233 0.839658 0.540344 0.010665 0.019841
233 0.859375 0.515377 0.016369 0.029431
233 0.844122 0.512897 0.019593 0.033730
84 0.766121 0.679729 0.038194 0.036045
84 0.758805 0.651455 0.041419 0.021825
86 0.819692 0.655919 0.034722 0.028108
86 0.824653 0.684358 0.026290 0.029431
86 0.807044 0.684524 0.034722 0.029762
271 0.713170 0.311343 0.006696 0.049934
333 0.727555 0.315972 0.031498 0.055886
333 0.752232 0.325231 0.034226 0.055886
311 0.773934 0.346396 0.027034 0.031415
311 0.781374 0.319444 0.026042 0.039021
311 0.775918 0.286872 0.033978 0.035384
333 0.755828 0.274967 0.024058 0.053241
333 0.732391 0.263889 0.045139 0.068122
68 0.842386 0.316468 0.027034 0.058201
68 0.845734 0.374835 0.017857 0.057209
68 0.854415 0.322090 0.022817 0.035053
