139 0.648313 0.312169 0.099206 0.097002
139 0.647321 0.388889 0.098214 0.075838
139 0.641865 0.449735 0.088294 0.070547
139 0.727431 0.447090 0.087798 0.075838
139 0.729911 0.372134 0.092758 0.093474
326 0.797371 0.185626 0.081845 0.094356
326 0.797371 0.106702 0.073909 0.075838
326 0.799107 0.037478 0.076389 0.071429
43 0.722718 0.025573 0.096230 0.047619
43 0.721726 0.075838 0.093254 0.074074
43 0.721726 0.137125 0.089286 0.069665
43 0.712550 0.195767 0.082837 0.065256
43 0.634921 0.192681 0.086310 0.069665
43 0.635169 0.124780 0.091766 0.089065
43 0.634425 0.044533 0.092262 0.085538
43 0.553075 0.043210 0.083333 0.081129
43 0.555060 0.122134 0.086310 0.090829
43 0.555060 0.189594 0.087302 0.072310
18 0.359623 0.028660 0.089286 0.057319
18 0.358879 0.099647 0.088790 0.088183
18 0.360863 0.182540 0.086806 0.084656
175 0.453621 0.177249 0.083829 0.098765
175 0.454117 0.081570 0.084821 0.099647
175 0.453621 0.019400 0.082837 0.038801
128 0.057292 0.053792 0.110615 0.077601
128 0.066468 0.119489 0.113095 0.073192
128 0.072421 0.180335 0.107143 0.080247
128 0.168899 0.057319 0.103671 0.077601
128 0.170387 0.123457 0.105655 0.072310
128 0.170883 0.185185 0.096726 0.072310
48 0.262649 0.052469 0.107639 0.076720
48 0.264137 0.118166 0.103671 0.077601
48 0.267609 0.183422 0.100694 0.084656
269 0.158730 0.381393 0.164683 0.104938
269 0.319940 0.376543 0.144841 0.098765
269 0.319940 0.451940 0.148810 0.087302
269 0.158730 0.454586 0.160714 0.089065
232 0.544643 0.313492 0.095238 0.096120
232 0.440476 0.314374 0.096230 0.097884
232 0.440228 0.389771 0.094742 0.082892
232 0.441468 0.453704 0.091270 0.066138
232 0.537698 0.380952 0.091270 0.088183
232 0.534474 0.442681 0.089782 0.082892
283 0.173363 0.626543 0.185020 0.134921
283 0.353671 0.622134 0.168651 0.133157
283 0.356895 0.701058 0.163194 0.105820
283 0.187748 0.701058 0.178075 0.109347
80 0.533234 0.544092 0.138889 0.040564
80 0.686260 0.545414 0.155258 0.046737
80 0.534970 0.613316 0.149306 0.108466
80 0.689980 0.612434 0.162698 0.108466
80 0.533234 0.684744 0.144841 0.073192
80 0.685764 0.682981 0.157242 0.067901
