237 0.123833 0.096692 0.229002 0.066508
237 0.128859 0.152626 0.231874 0.061050
237 0.361809 0.155866 0.161522 0.058663
232 0.071967 0.256992 0.129576 0.061050
232 0.190237 0.256992 0.134961 0.060368
232 0.326813 0.245225 0.107322 0.041610
232 0.416188 0.249488 0.077172 0.049454
232 0.414752 0.304741 0.083632 0.069236
232 0.311558 0.304570 0.127064 0.070259
232 0.410086 0.359311 0.091529 0.054911
232 0.306174 0.358629 0.125628 0.054229
232 0.193108 0.307981 0.132089 0.054570
232 0.071429 0.307981 0.127782 0.054570
232 0.074121 0.354025 0.125269 0.051842
232 0.190775 0.354025 0.123833 0.051842
139 0.630833 0.056276 0.131730 0.062756
139 0.652548 0.109652 0.132089 0.059004
139 0.540022 0.107776 0.109476 0.058663
139 0.648062 0.160130 0.123833 0.056276
139 0.555456 0.159618 0.054917 0.055935
104 0.492462 0.158765 0.014358 0.054911
185 0.753410 0.125853 0.082556 0.126194
185 0.824659 0.126194 0.080043 0.126194
267 0.885678 0.127899 0.075018 0.122783
267 0.946698 0.128240 0.076454 0.121419
102 0.629038 0.262278 0.204235 0.060027
102 0.627782 0.311392 0.198851 0.055935
102 0.627602 0.356583 0.201364 0.054911
51 0.786612 0.358970 0.125987 0.054911
51 0.784817 0.309516 0.128141 0.060368
51 0.903984 0.357947 0.133166 0.063779
312 0.852118 0.646658 0.235463 0.055935
312 0.853553 0.600273 0.241924 0.055935
312 0.855169 0.556617 0.245154 0.058663
312 0.850861 0.497442 0.255205 0.078786
312 0.840452 0.440655 0.225054 0.054570
312 0.634961 0.641030 0.214645 0.056276
312 0.636037 0.582026 0.216080 0.082879
312 0.627602 0.525409 0.198492 0.054911
312 0.630294 0.481753 0.203877 0.054911
312 0.630294 0.438608 0.203877 0.049795
312 0.620424 0.695600 0.191314 0.021487
312 0.615398 0.720498 0.181263 0.045362
312 0.617373 0.757162 0.187365 0.050477
312 0.614501 0.792974 0.182340 0.046385
312 0.622757 0.859823 0.198851 0.078445
312 0.637653 0.952422 0.230079 0.066508
312 0.841529 0.719304 0.227207 0.065484
312 0.825377 0.755969 0.241565 0.059686
312 0.825197 0.799966 0.239770 0.054911
312 0.823044 0.840211 0.230438 0.046044
312 0.823044 0.867326 0.212491 0.038199
312 0.841529 0.904502 0.235104 0.067531
312 0.868270 0.951228 0.239770 0.067531
275 0.132807 0.943383 0.238335 0.066166
275 0.131551 0.878581 0.235104 0.094816
275 0.151292 0.796385 0.245154 0.077763
275 0.154523 0.737040 0.241565 0.082538
275 0.359655 0.741132 0.186648 0.083220
275 0.359655 0.799113 0.185212 0.064120
275 0.360553 0.829468 0.184135 0.022510
275 0.348708 0.880628 0.208543 0.092087
275 0.351759 0.944577 0.203159 0.060368
355 0.392678 0.694577 0.120603 0.020123
80 0.168880 0.607776 0.211414 0.069577
80 0.187545 0.569236 0.196339 0.034106
80 0.186468 0.536153 0.197775 0.045020
80 0.187006 0.498806 0.203159 0.045362
80 0.183417 0.451739 0.204594 0.061050
80 0.234566 0.416439 0.123116 0.019100
232 0.381551 0.435880 0.138550 0.041610
80 0.381730 0.472544 0.136755 0.039905
267 0.380115 0.503752 0.138550 0.032742
80 0.363604 0.542462 0.173008 0.060368
80 0.364501 0.589529 0.171931 0.049454
51 0.836863 0.240621 0.087940 0.039222
51 0.841350 0.280355 0.086863 0.033424
