272 0.056548 0.222553 0.043651 0.088624
272 0.093626 0.220569 0.041419 0.083333
272 0.137525 0.218585 0.041419 0.083333
272 0.168899 0.215774 0.039187 0.080357
219 0.211806 0.206019 0.040675 0.095238
219 0.249876 0.205853 0.040923 0.092262
281 0.443328 0.218585 0.043403 0.050265
281 0.487227 0.218585 0.038938 0.044312
9 0.524306 0.214782 0.040675 0.047950
126 0.570188 0.201058 0.045635 0.068783
314 0.613219 0.209821 0.043899 0.053241
1 0.857391 0.204034 0.034226 0.041667
1 0.887649 0.199074 0.034226 0.048280
1 0.852431 0.157903 0.035714 0.056548
1 0.886657 0.158069 0.031250 0.049603
122 0.704985 0.292824 0.048859 0.057209
122 0.661954 0.293816 0.042659 0.057209
355 0.704985 0.393353 0.045883 0.042659
83 0.758681 0.391369 0.045635 0.046627
215 0.811508 0.391534 0.038194 0.044312
215 0.847470 0.391534 0.034226 0.043651
83 0.880828 0.355324 0.045883 0.030754
83 0.925719 0.355324 0.045883 0.030754
89 0.925719 0.388558 0.045883 0.046958
355 0.592634 0.402116 0.039931 0.058862
355 0.551711 0.402282 0.034474 0.057209
192 0.516493 0.404101 0.036458 0.059524
192 0.478423 0.404101 0.039187 0.057540
142 0.443204 0.405093 0.033730 0.057540
142 0.407118 0.405093 0.033978 0.055556
142 0.374876 0.404101 0.033978 0.054233
222 0.338790 0.404101 0.033730 0.054233
144 0.409102 0.501819 0.041419 0.088294
144 0.361235 0.501819 0.045883 0.083003
100 0.293775 0.473545 0.045883 0.099868
100 0.237227 0.473545 0.045387 0.097222
347 0.191220 0.474537 0.043651 0.093915
100 0.152158 0.471561 0.042907 0.099868
100 0.111235 0.473545 0.042907 0.095238
100 0.069196 0.471561 0.042659 0.099868
304 0.066344 0.592593 0.035466 0.086640
304 0.094618 0.595569 0.034970 0.087963
304 0.123016 0.596561 0.034226 0.083333
304 0.154142 0.595569 0.038938 0.086640
304 0.191220 0.596561 0.034226 0.083333
304 0.225570 0.595403 0.038938 0.090278
341 0.272321 0.598380 0.042659 0.080357
341 0.312376 0.595569 0.042907 0.086640
137 0.351438 0.611276 0.032242 0.061839
137 0.377852 0.607308 0.032490 0.064484
111 0.402158 0.610119 0.029514 0.061508
111 0.425595 0.607308 0.028274 0.061839
325 0.503720 0.603340 0.026290 0.070437
325 0.548611 0.603340 0.026290 0.072421
174 0.653274 0.592593 0.053571 0.070767
297 0.736235 0.573082 0.056796 0.047619
87 0.784970 0.573082 0.039683 0.048280
287 0.833829 0.573082 0.051587 0.041005
309 0.897445 0.573082 0.052827 0.041005
309 0.901290 0.608300 0.056548 0.048611
87 0.793775 0.612103 0.049851 0.046958
297 0.739211 0.612269 0.055804 0.043981
40 0.555556 0.500827 0.042659 0.088294
40 0.601438 0.501819 0.045635 0.088294
127 0.499876 0.501819 0.043899 0.079034
127 0.446181 0.501819 0.042659 0.088955
111 0.451017 0.607308 0.029514 0.065807
106 0.482267 0.605159 0.029514 0.068783
146 0.526290 0.602348 0.026290 0.072421
178 0.568204 0.602348 0.029266 0.075728
178 0.596478 0.602348 0.029762 0.077712
169 0.920759 0.704861 0.049355 0.066468
169 0.870908 0.704861 0.052827 0.064484
56 0.812376 0.697090 0.040427 0.068783
56 0.776290 0.695106 0.036706 0.068783
56 0.740079 0.693122 0.036706 0.070767
56 0.704861 0.693122 0.034226 0.070767
32 0.674727 0.693122 0.038442 0.074735
32 0.640501 0.693122 0.031498 0.068783
141 0.047619 0.341270 0.032242 0.085979
141 0.082589 0.341270 0.035218 0.089947
141 0.116939 0.343419 0.036458 0.083664
141 0.154762 0.341104 0.033234 0.086310
141 0.196057 0.342262 0.032490 0.078704
347 0.261037 0.343585 0.031498 0.076058
347 0.304067 0.337632 0.034722 0.090608
225 0.335565 0.307870 0.023810 0.060185
225 0.358755 0.306052 0.029018 0.062500
225 0.385789 0.305060 0.028522 0.062500
225 0.419023 0.303902 0.027530 0.062831
103 0.445188 0.302083 0.028274 0.062500
103 0.471726 0.301587 0.026786 0.063492
339 0.559028 0.310351 0.043155 0.038690
339 0.602059 0.309524 0.043403 0.038360
334 0.792535 0.290344 0.032986 0.060847
334 0.823909 0.289352 0.031250 0.060185
177 0.854787 0.291832 0.029018 0.053241
118 0.393105 0.202381 0.048611 0.089947
151 0.304936 0.210648 0.035466 0.078042
151 0.334945 0.210483 0.029514 0.075728
27 0.652034 0.371032 0.052083 0.032407
189 0.653398 0.403439 0.049851 0.029101
173 0.654638 0.464286 0.050843 0.035714
173 0.655630 0.500661 0.051835 0.037698
173 0.709821 0.500331 0.056548 0.035714
173 0.709449 0.462963 0.048363 0.037037
46 0.802207 0.466601 0.056300 0.041005
46 0.801339 0.501984 0.056052 0.031746
46 0.859623 0.501653 0.058532 0.031746
46 0.859623 0.467427 0.054563 0.039352
46 0.920139 0.467097 0.059524 0.038690
46 0.918899 0.501984 0.057044 0.031746
200 0.510293 0.733796 0.045387 0.041667
200 0.555432 0.734788 0.045883 0.043651
200 0.601314 0.738922 0.047371 0.051257
99 0.601314 0.716270 0.046379 0.006614
340 0.343130 0.694940 0.039435 0.065807
340 0.380084 0.694940 0.034970 0.065807
340 0.436756 0.693287 0.038690 0.075066
340 0.466518 0.695271 0.023810 0.071759
282 0.655382 0.901786 0.035962 0.072090
282 0.682416 0.889550 0.062252 0.052910
282 0.719370 0.902778 0.048363 0.079365
282 0.787698 0.905919 0.046131 0.084987
282 0.823165 0.920470 0.071429 0.060516
282 0.862599 0.907407 0.042163 0.087963
259 0.644965 0.797784 0.035962 0.070437
259 0.714038 0.802249 0.033234 0.059524
259 0.748016 0.804398 0.035218 0.055886
298 0.787450 0.786210 0.034226 0.076389
298 0.822173 0.793485 0.051091 0.082341
298 0.914062 0.800265 0.044891 0.081349
171 0.365327 0.869378 0.030754 0.079365
171 0.391369 0.870205 0.027778 0.080357
171 0.419767 0.884921 0.032490 0.079365
160 0.491443 0.882937 0.021081 0.082011
160 0.515377 0.882440 0.029266 0.081680
160 0.540551 0.885747 0.024554 0.088955
100 0.117560 0.786210 0.035714 0.067130
100 0.159598 0.773313 0.027034 0.075728
100 0.184152 0.773148 0.025050 0.075397
100 0.252852 0.771164 0.024554 0.071429
100 0.276042 0.772652 0.026290 0.074405
100 0.296627 0.773644 0.033730 0.076389
100 0.289062 0.874669 0.017113 0.062831
100 0.268353 0.873512 0.029762 0.064484
100 0.241939 0.870040 0.028522 0.066138
100 0.220734 0.868386 0.019345 0.065476
100 0.179067 0.865906 0.016865 0.049272
100 0.158234 0.868221 0.030258 0.055886
100 0.131324 0.867229 0.028026 0.055225
100 0.110987 0.866237 0.018601 0.053902
