265 0.054563 0.218585 0.057540 0.062831
73 0.066344 0.366071 0.051835 0.060185
73 0.118056 0.364087 0.049603 0.057540
284 0.163938 0.361276 0.045635 0.056548
284 0.208953 0.360284 0.039435 0.056548
204 0.247892 0.361276 0.042907 0.056548
157 0.302703 0.361276 0.045883 0.058532
109 0.981151 0.318122 0.037698 0.109127
251 0.984127 0.503638 0.031746 0.118386
233 0.915799 0.497024 0.045883 0.062169
233 0.874876 0.499835 0.045883 0.056548
233 0.834821 0.499835 0.045635 0.056548
233 0.836806 0.449074 0.042659 0.064153
233 0.877852 0.449074 0.042907 0.064153
233 0.913938 0.445271 0.042659 0.058532
250 0.795759 0.499835 0.042907 0.056548
250 0.757688 0.502811 0.042659 0.053241
250 0.707961 0.501819 0.045883 0.053241
250 0.757688 0.452877 0.039187 0.056548
250 0.795883 0.452877 0.039187 0.056548
207 0.634673 0.499835 0.051587 0.056548
207 0.580977 0.499835 0.051835 0.056548
236 0.520337 0.499835 0.050099 0.056548
236 0.472594 0.499835 0.050843 0.056548
109 0.411954 0.504795 0.051587 0.046627
109 0.369916 0.502811 0.045883 0.046627
109 0.372892 0.456019 0.050843 0.056878
109 0.417907 0.452877 0.039187 0.061177
236 0.476438 0.446263 0.045635 0.056548
236 0.522321 0.447255 0.045635 0.056548
217 0.190476 0.214616 0.050099 0.059524
217 0.235491 0.213624 0.045387 0.060847
239 0.283606 0.203538 0.033978 0.077712
239 0.313120 0.203208 0.031994 0.077712
239 0.343502 0.203538 0.032242 0.080357
250 0.375868 0.178406 0.011161 0.003638
188 0.383061 0.210648 0.028026 0.062169
188 0.410218 0.207837 0.035714 0.067791
307 0.446677 0.206184 0.035714 0.067791
307 0.480283 0.205522 0.036458 0.067791
307 0.512401 0.205522 0.033730 0.063823
280 0.548363 0.197255 0.031746 0.072421
280 0.575149 0.202877 0.023810 0.059193
280 0.607019 0.195271 0.034474 0.073743
52 0.721726 0.196263 0.057540 0.059193
52 0.775670 0.195767 0.053323 0.056217
109 0.835689 0.148810 0.070188 0.148148
11 0.872520 0.146825 0.021329 0.128307
11 0.908110 0.144345 0.073165 0.151124
243 0.110491 0.470734 0.111359 0.053902
243 0.110367 0.514220 0.103175 0.042989
243 0.213046 0.510582 0.106647 0.046958
243 0.218006 0.463459 0.103175 0.051257
66 0.305928 0.510417 0.064732 0.045304
66 0.307912 0.465608 0.059276 0.046296
250 0.707713 0.448909 0.039931 0.056548
92 0.103919 0.632275 0.034226 0.054894
92 0.136781 0.632110 0.031498 0.054563
92 0.163938 0.631283 0.023313 0.048280
92 0.187872 0.634425 0.028522 0.059193
251 0.216890 0.638062 0.032490 0.032077
251 0.249504 0.635747 0.034722 0.036045
212 0.282118 0.632771 0.031994 0.041997
212 0.311508 0.629464 0.034722 0.049272
345 0.349578 0.638062 0.031994 0.032077
345 0.379216 0.640046 0.034722 0.028770
296 0.429191 0.632771 0.041419 0.049934
296 0.471478 0.634094 0.039187 0.046627
38 0.532490 0.623181 0.034722 0.081680
38 0.576389 0.623181 0.033730 0.081680
3 0.630704 0.621032 0.060516 0.074074
3 0.698909 0.625331 0.062996 0.077381
21 0.748016 0.621528 0.034722 0.086971
39 0.778398 0.620866 0.034970 0.088955
39 0.812376 0.617890 0.037450 0.094246
21 0.858259 0.619874 0.041915 0.090278
21 0.888393 0.616733 0.038690 0.097884
21 0.917535 0.617560 0.032490 0.092262
271 0.688616 0.751819 0.050347 0.057209
271 0.735243 0.751984 0.049355 0.057540
208 0.790055 0.751984 0.051339 0.057540
96 0.897197 0.701389 0.059276 0.048280
96 0.900794 0.752315 0.061508 0.059524
96 0.842138 0.738922 0.049851 0.061839
33 0.882440 0.879795 0.078373 0.101521
33 0.823165 0.864253 0.053571 0.096892
235 0.718750 0.890377 0.154762 0.112765
86 0.444816 0.701720 0.054315 0.051587
86 0.499752 0.706515 0.058532 0.060516
86 0.446181 0.755291 0.055556 0.055556
86 0.502232 0.758598 0.058036 0.050265
132 0.570064 0.753142 0.059276 0.055886
132 0.625496 0.740741 0.055060 0.058201
349 0.350942 0.740410 0.046627 0.056878
349 0.390005 0.751488 0.045883 0.057870
338 0.275670 0.817130 0.103423 0.054894
338 0.276662 0.876157 0.106895 0.112103
338 0.371032 0.901786 0.113591 0.068122
338 0.379836 0.828042 0.107391 0.061508
86 0.496776 0.848876 0.115079 0.065476
86 0.496776 0.908399 0.093254 0.056217
329 0.133929 0.719907 0.063492 0.085317
329 0.190600 0.729001 0.057292 0.069114
62 0.116691 0.889385 0.062748 0.095569
62 0.169767 0.894841 0.068700 0.084656
