49 0.029350 0.099926 0.058700 0.118431
49 0.090846 0.110289 0.083857 0.113990
49 0.145003 0.104737 0.052411 0.113249
151 0.239343 0.100296 0.069182 0.120651
151 0.343466 0.099186 0.059399 0.118431
272 0.471349 0.100666 0.060797 0.118431
340 0.539832 0.081051 0.081761 0.154700
340 0.610063 0.096595 0.078267 0.126573
64 0.706848 0.118431 0.088749 0.088823
31 0.858141 0.119911 0.078267 0.088823
173 0.923131 0.140637 0.060098 0.042931
319 0.982879 0.132494 0.034242 0.059215
178 0.956674 0.259808 0.036338 0.097705
146 0.920335 0.257217 0.046122 0.108808
146 0.871069 0.265729 0.042628 0.091784
146 0.832635 0.268320 0.038435 0.088083
111 0.693222 0.280903 0.034941 0.068838
137 0.657233 0.283494 0.039832 0.068098
137 0.614605 0.286454 0.035639 0.062176
249 0.571628 0.276832 0.043326 0.084382
196 0.521314 0.275352 0.046122 0.084382
341 0.462614 0.262768 0.069881 0.111029
341 0.391335 0.262768 0.072676 0.113990
341 0.323899 0.265729 0.073375 0.118431
219 0.187980 0.268320 0.057303 0.113249
219 0.125087 0.265729 0.069881 0.121392
219 0.062544 0.265729 0.073375 0.122872
304 0.143955 0.430792 0.054507 0.108068
304 0.093641 0.432272 0.067086 0.113990
100 0.207897 0.565507 0.062194 0.094745
100 0.278826 0.562546 0.053110 0.094745
100 0.325646 0.558475 0.051712 0.094004
100 0.370021 0.552924 0.049616 0.094745
347 0.417890 0.555514 0.046122 0.091044
49 0.462264 0.551443 0.044025 0.094745
122 0.651293 0.571058 0.067086 0.046632
334 0.761006 0.547372 0.053110 0.080681
100 0.143955 0.559956 0.069881 0.110289
49 0.505940 0.547372 0.046122 0.088083
309 0.574423 0.547372 0.069881 0.085122
298 0.862334 0.848261 0.051712 0.084382
298 0.815164 0.836047 0.045423 0.055514
298 0.744235 0.863805 0.046122 0.085862
282 0.689378 0.883790 0.062194 0.057735
282 0.623690 0.896743 0.066387 0.071799
222 0.559748 0.779423 0.040531 0.059215
142 0.606918 0.774981 0.039832 0.059215
259 0.650943 0.768320 0.044025 0.062176
259 0.692173 0.767950 0.044025 0.055514
56 0.740741 0.758327 0.046122 0.064397
56 0.779874 0.758327 0.043326 0.059956
266 0.816212 0.757217 0.040531 0.059215
266 0.854647 0.757217 0.046122 0.053294
56 0.855346 0.669504 0.051712 0.076240
136 0.891684 0.663953 0.046122 0.076980
324 0.478686 0.696891 0.046122 0.062916
192 0.429071 0.691710 0.057303 0.070318
304 0.355346 0.684678 0.060797 0.105107
304 0.296296 0.684678 0.053110 0.105107
171 0.244235 0.687639 0.049616 0.097705
171 0.191125 0.691710 0.053809 0.098446
171 0.143955 0.691710 0.050314 0.098446
100 0.469252 0.830496 0.045423 0.091784
100 0.421384 0.830496 0.046122 0.087343
100 0.374913 0.831976 0.049616 0.084382
100 0.338574 0.833457 0.044025 0.084382
100 0.293501 0.823464 0.043326 0.080681
100 0.251223 0.827905 0.052411 0.085122
100 0.175402 0.824944 0.057303 0.085122
100 0.213836 0.822354 0.043326 0.084382
100 0.343466 0.919319 0.045423 0.066617
100 0.386443 0.916358 0.046122 0.066617
100 0.426974 0.913768 0.039133 0.059956
100 0.469252 0.917839 0.039832 0.053294
339 0.787212 0.124352 0.076171 0.071058
339 0.787212 0.062176 0.076171 0.068098
111 0.730608 0.280533 0.034242 0.069578
111 0.758910 0.282383 0.027952 0.065877
344 0.704752 0.391192 0.066387 0.062916
344 0.701957 0.444115 0.060797 0.048853
200 0.767296 0.444115 0.076869 0.048853
200 0.764500 0.390452 0.092243 0.062916
200 0.841370 0.388601 0.074074 0.059215
200 0.832984 0.441895 0.072676 0.048853
225 0.893082 0.423760 0.046122 0.067358
225 0.929769 0.422650 0.042628 0.066617
103 0.565339 0.433753 0.039133 0.078460
103 0.601677 0.433013 0.037736 0.078460
103 0.642558 0.433013 0.046820 0.076980
304 0.217680 0.424500 0.032844 0.077720
40 0.254368 0.419689 0.058700 0.096225
40 0.307128 0.421170 0.055206 0.093264
40 0.346261 0.418949 0.032844 0.081421
63 0.421034 0.429682 0.052411 0.102887
63 0.470650 0.426721 0.052411 0.105848
63 0.521314 0.425611 0.048917 0.103627
46 0.899371 0.534419 0.067086 0.038490
46 0.896226 0.568468 0.060797 0.032568
46 0.823550 0.570318 0.071978 0.031828
46 0.827393 0.535159 0.072676 0.038490
89 0.806429 0.647298 0.044724 0.043671
89 0.757512 0.690600 0.047519 0.034049
89 0.800140 0.689489 0.043326 0.033309
173 0.701607 0.698372 0.067086 0.033309
89 0.761356 0.649519 0.044025 0.040711
173 0.703354 0.666543 0.066387 0.037750
83 0.529700 0.665803 0.047519 0.046632
83 0.575821 0.665063 0.047519 0.045152
215 0.530049 0.707994 0.044025 0.031828
215 0.574773 0.705033 0.045423 0.033309
189 0.630328 0.703553 0.062893 0.030348
189 0.632774 0.672465 0.064990 0.037750
100 0.286164 0.907476 0.037037 0.063657
100 0.250524 0.915988 0.042628 0.068838
100 0.208945 0.915248 0.041929 0.068838
100 0.171209 0.914878 0.029350 0.062176
