239 0.286954 0.206019 0.034226 0.062169
239 0.331969 0.193122 0.031994 0.076058
188 0.362227 0.193122 0.030506 0.064153
188 0.391493 0.187335 0.030506 0.061839
188 0.418775 0.179563 0.032986 0.065476
307 0.451017 0.163856 0.043899 0.076389
307 0.489211 0.156085 0.039435 0.078042
307 0.515501 0.158069 0.035466 0.073413
68 0.548735 0.162037 0.036458 0.056878
68 0.580853 0.155093 0.034226 0.054233
307 0.516493 0.088624 0.031994 0.072090
307 0.482267 0.073082 0.035962 0.103836
307 0.451017 0.071098 0.036458 0.070767
333 0.475198 0.324074 0.056052 0.071429
333 0.428571 0.326058 0.039683 0.068783
38 0.312376 0.335813 0.026538 0.073082
38 0.288938 0.338624 0.032242 0.070767
38 0.247892 0.345569 0.032986 0.072090
38 0.227431 0.346561 0.031250 0.070767
3 0.197173 0.356151 0.042659 0.062169
3 0.154142 0.364087 0.042907 0.058862
0 0.121032 0.366071 0.034226 0.060185
233 0.070188 0.471561 0.028274 0.040344
233 0.097594 0.473545 0.026538 0.037698
250 0.126860 0.474537 0.032986 0.035714
82 0.344618 0.462632 0.038938 0.047619
92 0.380828 0.460813 0.036458 0.047950
92 0.408110 0.458829 0.034970 0.049272
345 0.438368 0.456845 0.036458 0.049272
345 0.474578 0.453869 0.036458 0.053241
345 0.522321 0.450893 0.039187 0.056548
212 0.561384 0.444114 0.036458 0.064153
212 0.595610 0.440146 0.036458 0.072090
212 0.634549 0.436343 0.036458 0.058532
212 0.671751 0.421792 0.042907 0.077712
212 0.715774 0.429563 0.042163 0.083333
349 0.275670 0.578042 0.033978 0.037037
349 0.306424 0.578538 0.035466 0.038029
349 0.338418 0.578704 0.036458 0.038360
349 0.373884 0.578704 0.033978 0.038360
349 0.411954 0.578704 0.040675 0.038360
296 0.460069 0.574735 0.037202 0.048942
296 0.493180 0.579530 0.045883 0.043981
296 0.535218 0.580192 0.043651 0.042659
296 0.574405 0.582341 0.041171 0.038360
296 0.578993 0.534061 0.045883 0.054233
296 0.537078 0.528604 0.041419 0.053902
226 0.658606 0.530093 0.037450 0.056878
226 0.622768 0.528770 0.036706 0.053571
226 0.622396 0.578208 0.034970 0.045304
226 0.658606 0.578869 0.037946 0.045966
284 0.648686 0.715608 0.043899 0.063492
284 0.693452 0.724537 0.047619 0.061508
284 0.694568 0.664021 0.049355 0.068122
73 0.740947 0.723710 0.049355 0.065146
73 0.741195 0.663690 0.050843 0.062169
73 0.788070 0.727183 0.050843 0.067460
73 0.791915 0.664683 0.053075 0.066799
217 0.857019 0.680886 0.065228 0.076058
217 0.849082 0.737599 0.056796 0.069114
217 0.908854 0.744709 0.065228 0.066799
217 0.916791 0.681548 0.061756 0.073413
284 0.649306 0.657903 0.044643 0.066468
21 0.739087 0.626984 0.046627 0.012566
265 0.611483 0.778770 0.039931 0.060185
265 0.611483 0.861276 0.042411 0.058532
355 0.656250 0.813823 0.042659 0.065476
355 0.656250 0.868552 0.042659 0.056548
355 0.699033 0.821098 0.049355 0.064815
355 0.698041 0.876488 0.047371 0.061839
264 0.751116 0.888062 0.052827 0.072421
264 0.755084 0.832837 0.054812 0.073082
157 0.807044 0.840608 0.057540 0.074735
157 0.801091 0.900959 0.054563 0.064484
231 0.854291 0.910549 0.058284 0.076389
231 0.863095 0.847884 0.063492 0.087302
204 0.893725 0.823082 0.058780 0.064815
204 0.916047 0.921627 0.074157 0.081349
143 0.542535 0.819940 0.066220 0.050595
143 0.543899 0.854993 0.063988 0.044643
208 0.491071 0.793816 0.033730 0.052579
208 0.487723 0.838790 0.039931 0.050595
235 0.438988 0.799769 0.048611 0.061839
235 0.396329 0.804233 0.049603 0.070767
96 0.355903 0.752480 0.030258 0.055225
96 0.354663 0.795304 0.033234 0.048280
96 0.321553 0.794478 0.044395 0.059193
96 0.326761 0.745205 0.038442 0.049934
33 0.302331 0.754960 0.011905 0.041005
33 0.202877 0.764220 0.043651 0.070767
33 0.239831 0.768188 0.050099 0.078704
33 0.275422 0.771495 0.041419 0.081349
271 0.213790 0.655919 0.031250 0.043320
271 0.250372 0.669808 0.028522 0.042659
152 0.346354 0.680390 0.034474 0.039352
152 0.314732 0.680225 0.037202 0.039021
152 0.283854 0.677579 0.035466 0.037698
152 0.280010 0.638393 0.034226 0.040013
152 0.316592 0.639716 0.043403 0.042659
86 0.432540 0.686177 0.049603 0.053571
86 0.480407 0.700231 0.050099 0.041336
86 0.476935 0.655589 0.057540 0.057209
86 0.482391 0.624669 0.046131 0.015212
86 0.434400 0.638558 0.048859 0.046958
86 0.389633 0.637401 0.047123 0.047950
86 0.393353 0.678241 0.039187 0.039683
109 0.575273 0.648975 0.044395 0.051257
109 0.534722 0.682374 0.040675 0.067130
109 0.574777 0.703869 0.039931 0.055886
109 0.606275 0.698578 0.021577 0.066468
246 0.169767 0.661045 0.036458 0.044312
246 0.176091 0.626653 0.023313 0.031085
246 0.153026 0.620370 0.043155 0.040344
338 0.149554 0.651951 0.026786 0.031415
246 0.127976 0.646660 0.032738 0.040675
86 0.101935 0.645833 0.030754 0.033730
86 0.105159 0.613261 0.037202 0.032077
21 0.252108 0.562169 0.023562 0.063492
21 0.235615 0.555886 0.021329 0.063492
21 0.226438 0.551091 0.013889 0.061177
21 0.215402 0.548776 0.016121 0.053241
21 0.205605 0.547619 0.018353 0.054233
290 0.188492 0.552910 0.029762 0.058862
39 0.167907 0.560020 0.037202 0.061177
39 0.145337 0.559854 0.028770 0.060185
39 0.129712 0.559028 0.025794 0.058532
345 0.261037 0.575231 0.007688 0.037368
66 0.080357 0.355985 0.035218 0.040013
66 0.050595 0.361607 0.036706 0.038029
243 0.020089 0.367890 0.039187 0.035384
243 0.017857 0.398479 0.035714 0.031085
66 0.054812 0.392030 0.034226 0.030754
66 0.081969 0.387897 0.031994 0.033069
311 0.383557 0.303571 0.042411 0.047619
311 0.387649 0.354332 0.051587 0.053902
311 0.345114 0.314153 0.042907 0.044312
311 0.350198 0.359127 0.036706 0.037698
207 0.212674 0.475529 0.037946 0.041005
207 0.206225 0.430721 0.039931 0.040013
207 0.172619 0.431713 0.036706 0.040013
207 0.179067 0.476356 0.035714 0.036045
82 0.306548 0.422784 0.035714 0.046627
82 0.311260 0.470073 0.038690 0.043320
12 0.238219 0.428241 0.037450 0.044974
12 0.242808 0.471561 0.035714 0.044312
12 0.272569 0.424272 0.031250 0.044974
12 0.276910 0.474041 0.034970 0.045966
