194 0.079403 0.313368 0.110587 0.064732
194 0.184748 0.317336 0.095912 0.060268
78 0.277516 0.312376 0.129455 0.077629
117 0.308700 0.248884 0.113208 0.064732
305 0.389937 0.315352 0.117400 0.072669
47 0.493449 0.316344 0.120021 0.072669
47 0.599843 0.318204 0.120021 0.072421
47 0.708333 0.318204 0.120021 0.072421
117 0.813679 0.320188 0.120021 0.072421
117 0.920073 0.321305 0.124214 0.075645
260 0.937631 0.454117 0.117400 0.062500
315 0.822327 0.449157 0.135220 0.072421
315 0.720912 0.448165 0.107442 0.067956
330 0.614518 0.439360 0.142034 0.081597
50 0.494235 0.434400 0.131027 0.082093
50 0.376310 0.434400 0.131027 0.077629
330 0.244235 0.432540 0.141509 0.079861
330 0.110587 0.431548 0.150943 0.082341
164 0.065776 0.554688 0.131551 0.087550
108 0.175052 0.571305 0.096436 0.054315
223 0.348008 0.559524 0.150943 0.085813
201 0.484539 0.538070 0.107442 0.068204
201 0.577306 0.542907 0.107442 0.064980
201 0.659329 0.542907 0.096436 0.063492
261 0.749214 0.543899 0.107442 0.067956
261 0.844864 0.545883 0.106918 0.065972
61 0.936583 0.546875 0.106918 0.065972
181 0.087788 0.690352 0.136792 0.104415
121 0.220912 0.689360 0.152516 0.105903
121 0.355608 0.691344 0.146226 0.103919
35 0.488470 0.624008 0.128931 0.086310
35 0.601677 0.622892 0.128931 0.092014
205 0.056080 0.804563 0.112159 0.109127
205 0.170335 0.818328 0.149895 0.124256
15 0.296908 0.805556 0.129455 0.086310
15 0.397799 0.837798 0.113208 0.070933
15 0.484539 0.814360 0.107442 0.060268
7 0.592767 0.834945 0.166667 0.071181
7 0.688679 0.832961 0.158281 0.060268
268 0.687631 0.649678 0.075472 0.037450
268 0.754193 0.652778 0.076520 0.033234
268 0.756289 0.629340 0.078616 0.035962
268 0.819969 0.630332 0.079140 0.034474
268 0.816562 0.654638 0.075472 0.031002
186 0.883910 0.656002 0.072851 0.030258
186 0.886792 0.631448 0.075472 0.034722
186 0.942610 0.655258 0.081237 0.033730
186 0.963312 0.632068 0.073375 0.034474
85 0.930031 0.854663 0.137841 0.065476
85 0.804507 0.834449 0.106918 0.063740
