278 0.107375 0.159000 0.046750 0.095333
239 0.167875 0.162833 0.047750 0.088333
239 0.203000 0.163833 0.037000 0.083000
188 0.238125 0.071167 0.042750 0.098333
188 0.268375 0.071000 0.029250 0.095333
188 0.302625 0.066333 0.039250 0.094667
188 0.302500 0.141333 0.040000 0.057333
188 0.269375 0.139500 0.034250 0.053000
188 0.235250 0.141333 0.036500 0.049333
307 0.372875 0.182500 0.034250 0.041667
307 0.413875 0.186500 0.045750 0.035667
233 0.499875 0.288000 0.026250 0.060000
233 0.537000 0.289833 0.044000 0.062333
233 0.577125 0.288833 0.048750 0.062333
82 0.655125 0.341667 0.040250 0.062000
233 0.583875 0.344667 0.045750 0.061333
233 0.544750 0.345500 0.039000 0.057000
233 0.508625 0.346500 0.039250 0.056333
143 0.496875 0.459833 0.078250 0.043000
143 0.493125 0.504667 0.083750 0.043333
243 0.403250 0.499833 0.100500 0.056333
243 0.410625 0.448333 0.085250 0.051333
244 0.319250 0.491000 0.065500 0.066667
244 0.269375 0.492000 0.061750 0.066667
52 0.223500 0.492167 0.050500 0.064333
52 0.172625 0.492000 0.061750 0.060000
52 0.168875 0.433333 0.061750 0.060000
52 0.246875 0.429500 0.057750 0.058333
39 0.324125 0.332833 0.071750 0.091667
21 0.376875 0.334833 0.034250 0.081000
21 0.409000 0.335833 0.032000 0.079667
38 0.216625 0.328000 0.061750 0.093333
38 0.281125 0.329000 0.051750 0.094000
3 0.148375 0.318167 0.077750 0.060333
3 0.148375 0.362167 0.076750 0.030333
250 0.738000 0.345833 0.039500 0.053667
250 0.698625 0.346167 0.041750 0.053000
132 0.724875 0.440333 0.076750 0.061333
132 0.656250 0.441000 0.063500 0.056000
132 0.661125 0.498500 0.072750 0.061000
132 0.729875 0.499500 0.069750 0.059667
236 0.595750 0.500167 0.051500 0.055667
296 0.216000 0.573500 0.051000 0.058333
296 0.167625 0.572667 0.061750 0.056667
296 0.163750 0.623333 0.062000 0.053333
296 0.215250 0.621833 0.051000 0.052333
349 0.314125 0.564833 0.052250 0.047000
349 0.314000 0.613833 0.051500 0.055667
349 0.268500 0.613167 0.047000 0.057667
349 0.268500 0.564000 0.046500 0.046000
109 0.246500 0.575667 0.009000 0.050000
271 0.359000 0.561500 0.034000 0.044333
271 0.359125 0.607167 0.036250 0.051667
271 0.401250 0.568833 0.051000 0.055667
271 0.401375 0.618667 0.051250 0.054667
109 0.452125 0.624000 0.048250 0.056000
109 0.453875 0.580333 0.049750 0.038667
109 0.502000 0.581167 0.050500 0.040333
109 0.500625 0.625167 0.048250 0.055000
152 0.551000 0.625000 0.048000 0.052000
152 0.597750 0.624333 0.048500 0.050667
207 0.650625 0.619333 0.053250 0.052667
231 0.866375 0.591333 0.051250 0.069333
231 0.906375 0.589500 0.039750 0.061000
284 0.942625 0.589167 0.050750 0.061667
231 0.845000 0.510833 0.042000 0.037000
284 0.881625 0.519333 0.043250 0.054000
284 0.921375 0.519833 0.049250 0.055667
231 0.799000 0.581500 0.038000 0.056333
264 0.754875 0.581000 0.033750 0.047333
246 0.329250 0.680667 0.049000 0.034000
246 0.324875 0.734333 0.061250 0.059333
246 0.378750 0.737167 0.057500 0.055667
246 0.380625 0.686833 0.057750 0.047667
86 0.436375 0.688500 0.059250 0.050333
86 0.437500 0.745167 0.063000 0.065000
86 0.497625 0.748500 0.060750 0.063667
86 0.493625 0.689833 0.057750 0.048333
329 0.205375 0.711500 0.030250 0.071667
329 0.251000 0.720333 0.065500 0.106667
329 0.284875 0.712667 0.019750 0.093333
62 0.153875 0.837667 0.077750 0.096000
62 0.210375 0.830667 0.061750 0.082000
246 0.223125 0.873333 0.036750 0.024667
246 0.230500 0.853000 0.021500 0.018000
271 0.234875 0.841167 0.012750 0.025000
338 0.266250 0.894500 0.117500 0.057000
246 0.351000 0.899333 0.060500 0.048000
84 0.437000 0.894833 0.113500 0.057667
86 0.352125 0.872000 0.049250 0.012667
33 0.706250 0.884667 0.069000 0.079333
33 0.644875 0.885000 0.067250 0.080667
235 0.582250 0.884833 0.061500 0.080333
235 0.523125 0.884167 0.056750 0.079000
345 0.763625 0.868500 0.045250 0.066333
345 0.818000 0.864000 0.038500 0.057333
208 0.557250 0.738167 0.048000 0.051000
208 0.606000 0.745500 0.050500 0.054333
96 0.657625 0.744333 0.054750 0.056000
96 0.705500 0.744000 0.051500 0.057333
157 0.829625 0.378833 0.045750 0.059667
204 0.891000 0.378000 0.048500 0.060667
265 0.784625 0.447833 0.039750 0.065000
157 0.824250 0.448000 0.047000 0.063333
217 0.867625 0.446500 0.051250 0.064333
204 0.904000 0.444667 0.039000 0.066000
280 0.477750 0.189167 0.027000 0.032333
280 0.504625 0.189333 0.026250 0.030667
280 0.531125 0.187000 0.027250 0.034000
