6 0.803819 0.207892 0.185516 0.103616
6 0.794643 0.143078 0.155754 0.066578
6 0.788938 0.094356 0.159722 0.061728
102 0.575273 0.242063 0.216518 0.104938
102 0.615451 0.283730 0.234375 0.144180
102 0.592014 0.154541 0.229663 0.115079
102 0.591146 0.088624 0.248760 0.093474
139 0.291915 0.276014 0.135913 0.143739
139 0.301339 0.198854 0.113095 0.101411
139 0.315352 0.142637 0.082589 0.064815
232 0.185392 0.126543 0.151042 0.179012
232 0.163070 0.279982 0.136161 0.146384
232 0.061012 0.270503 0.122024 0.167108
232 0.057664 0.135362 0.115327 0.142857
139 0.411706 0.284612 0.129960 0.138007
139 0.413938 0.156085 0.127480 0.142857
6 0.828993 0.285053 0.209573 0.140653
275 0.117932 0.702822 0.231895 0.153439
275 0.116567 0.593474 0.230159 0.158730
275 0.149182 0.477734 0.211062 0.123898
275 0.154762 0.411596 0.182044 0.054233
80 0.329117 0.701058 0.215774 0.156085
80 0.340898 0.558642 0.211558 0.140212
80 0.340898 0.470018 0.195188 0.103175
80 0.370784 0.411817 0.156250 0.044974
283 0.557664 0.657187 0.211558 0.162698
283 0.770089 0.655864 0.220734 0.166226
283 0.731275 0.554894 0.191220 0.086861
283 0.734747 0.472663 0.203125 0.127866
283 0.538442 0.502425 0.188492 0.190917
