80 0.583904 0.467070 0.188356 0.065102
80 0.614726 0.522332 0.202055 0.062074
80 0.614726 0.569644 0.202055 0.055261
275 0.612586 0.829674 0.175514 0.078728
275 0.608733 0.882665 0.169521 0.049962
275 0.609161 0.916351 0.175514 0.049205
275 0.765839 0.954958 0.238870 0.082513
275 0.806935 0.886450 0.220034 0.054504
275 0.806935 0.840651 0.225171 0.064345
275 0.806935 0.809614 0.208048 0.046177
80 0.831764 0.572672 0.238870 0.064345
80 0.832192 0.524981 0.246575 0.064345
80 0.817209 0.460257 0.247432 0.065102
72 0.370291 0.874338 0.238870 0.068130
72 0.367723 0.920515 0.238870 0.059046
72 0.367723 0.959122 0.232021 0.059046
72 0.158390 0.923164 0.210616 0.064345
72 0.158390 0.959500 0.210616 0.053747
72 0.162243 0.814913 0.209760 0.055261
80 0.161815 0.473883 0.258562 0.066616
216 0.369863 0.330810 0.231164 0.049962
216 0.367723 0.378123 0.220034 0.055261
80 0.369863 0.471234 0.236301 0.055261
80 0.367723 0.519682 0.232021 0.049205
80 0.367723 0.565481 0.232021 0.054504
72 0.377140 0.809992 0.216610 0.045420
102 0.142123 0.285011 0.255137 0.049205
102 0.142123 0.336488 0.255137 0.049205
102 0.144692 0.378123 0.248288 0.053747
80 0.144692 0.523846 0.226027 0.049962
80 0.144692 0.565481 0.222603 0.054504
72 0.144692 0.860712 0.217466 0.078728
283 0.125000 0.088948 0.248288 0.065859
283 0.116866 0.137017 0.232021 0.057532
283 0.125000 0.181302 0.236301 0.053747
283 0.349743 0.180545 0.237158 0.056775
283 0.348031 0.135125 0.259418 0.061317
283 0.349743 0.096139 0.218322 0.042392
283 0.580051 0.083649 0.242295 0.062831
283 0.580051 0.133989 0.238870 0.056018
283 0.582192 0.178653 0.236301 0.056018
185 0.955479 0.140045 0.085616 0.124148
185 0.882705 0.140802 0.085616 0.124148
267 0.805651 0.142316 0.078767 0.122634
267 0.735873 0.144209 0.077911 0.121877
216 0.565925 0.287282 0.198630 0.052233
216 0.567209 0.332324 0.201199 0.054504
216 0.562928 0.379637 0.201199 0.052233
216 0.751712 0.374338 0.196918 0.052233
216 0.750428 0.328917 0.187500 0.050719
237 0.178938 0.649508 0.208904 0.069644
237 0.182363 0.699849 0.210616 0.050719
237 0.182363 0.742619 0.190068 0.049962
237 0.376712 0.739213 0.191781 0.052233
237 0.386986 0.686223 0.196918 0.068887
80 0.392979 0.652914 0.186644 0.037093
80 0.391695 0.624905 0.199486 0.028009
269 0.647688 0.652536 0.185788 0.059046
269 0.647688 0.700227 0.185788 0.052990
269 0.647688 0.742998 0.185788 0.056775
269 0.835616 0.652914 0.193493 0.058289
6 0.833476 0.700227 0.196062 0.056018
6 0.833048 0.745647 0.188356 0.051476
