30 0.074686 0.269221 0.149371 0.109871
30 0.220126 0.272197 0.164570 0.112847
29 0.384172 0.277902 0.165618 0.109871
29 0.541405 0.280010 0.167715 0.107639
75 0.686845 0.292659 0.142034 0.088790
75 0.826520 0.296503 0.142558 0.088542
194 0.918239 0.306300 0.089099 0.067956
194 0.979560 0.307292 0.040881 0.065972
130 0.866614 0.421503 0.174528 0.106399
130 0.709382 0.418527 0.168239 0.104911
53 0.533543 0.420511 0.157233 0.093006
53 0.383124 0.419643 0.164570 0.088790
34 0.220126 0.405878 0.164570 0.112847
34 0.074686 0.402902 0.149371 0.112847
187 0.074686 0.546503 0.149371 0.091022
187 0.220126 0.548487 0.156184 0.093006
355 0.347222 0.557292 0.106394 0.081845
355 0.444706 0.556300 0.106394 0.081845
145 0.563679 0.557292 0.132600 0.088790
145 0.687893 0.559276 0.135744 0.088790
164 0.817610 0.563120 0.142558 0.088542
164 0.937107 0.563120 0.125786 0.091518
181 0.936583 0.701761 0.126834 0.106399
181 0.805031 0.699901 0.159329 0.106151
97 0.652778 0.697917 0.148323 0.106151
97 0.513103 0.695933 0.143606 0.102183
342 0.363470 0.695933 0.148323 0.098710
342 0.220126 0.693948 0.149895 0.098710
342 0.080451 0.693948 0.148323 0.096230
218 0.060010 0.824777 0.118973 0.122272
218 0.185010 0.822793 0.154088 0.124752
218 0.328354 0.810268 0.135744 0.106151
23 0.467243 0.833581 0.148323 0.102183
23 0.609801 0.835565 0.148323 0.099206
23 0.758124 0.848090 0.161950 0.089534
205 0.885220 0.816964 0.142558 0.106151
205 0.969078 0.836558 0.061845 0.124504
