101 0.053232 0.953776 0.063009 0.092448
109 0.034492 0.893880 0.068984 0.070312
208 0.723791 0.767904 0.059207 0.074870
33 0.885117 0.705078 0.070071 0.093750
8 0.954916 0.690430 0.080391 0.083984
204 0.062738 0.107747 0.082021 0.080078
204 0.133351 0.111979 0.075502 0.078125
204 0.264802 0.120768 0.062466 0.067057
264 0.322379 0.121745 0.062466 0.067708
264 0.377512 0.125326 0.053232 0.067057
264 0.432102 0.127604 0.051602 0.065104
280 0.476643 0.126953 0.041825 0.078125
280 0.510864 0.127604 0.035307 0.070312
280 0.552417 0.129557 0.038023 0.070312
239 0.583922 0.126628 0.042368 0.078776
239 0.640413 0.140951 0.033677 0.055339
307 0.700163 0.141602 0.034764 0.059245
307 0.729495 0.143880 0.031505 0.057292
307 0.757197 0.144531 0.027159 0.055990
307 0.783542 0.140625 0.025530 0.045573
307 0.806627 0.139323 0.026073 0.039062
307 0.671374 0.148438 0.034764 0.042969
231 0.075502 0.241211 0.083650 0.074870
231 0.144215 0.241536 0.072243 0.072917
231 0.210212 0.241862 0.068441 0.069661
265 0.271320 0.241211 0.060293 0.069661
265 0.334329 0.240560 0.055948 0.067057
265 0.387561 0.240234 0.055948 0.065104
265 0.439978 0.237630 0.059750 0.070312
212 0.486692 0.233724 0.042368 0.050781
212 0.523357 0.237956 0.038566 0.041016
212 0.553775 0.239258 0.039652 0.060547
212 0.593156 0.240234 0.038023 0.055990
0 0.628191 0.234049 0.039652 0.065755
0 0.660782 0.233724 0.036393 0.066406
109 0.700706 0.242188 0.033677 0.042969
109 0.736556 0.243164 0.038023 0.043620
109 0.770777 0.244141 0.030418 0.042969
109 0.811244 0.243490 0.041825 0.042969
157 0.071429 0.373372 0.064639 0.077474
157 0.132265 0.366862 0.074416 0.072266
157 0.196632 0.364258 0.069527 0.072266
157 0.256382 0.360026 0.066268 0.070312
73 0.315046 0.357096 0.061923 0.068359
73 0.371537 0.352865 0.058664 0.066406
73 0.422053 0.349284 0.052146 0.064453
284 0.299294 0.462240 0.058664 0.054688
284 0.352526 0.455729 0.056491 0.055990
284 0.404943 0.449219 0.053775 0.053385
73 0.456545 0.450195 0.054861 0.068359
217 0.102662 0.494792 0.074959 0.087240
217 0.171103 0.485677 0.071700 0.075521
217 0.233569 0.477539 0.066268 0.073568
21 0.410646 0.561849 0.043455 0.092448
21 0.447040 0.552734 0.044541 0.097656
21 0.479087 0.550130 0.043455 0.089844
38 0.612982 0.526042 0.029875 0.087240
38 0.582292 0.531901 0.038023 0.085938
38 0.547529 0.536784 0.046714 0.089193
3 0.689028 0.419596 0.061380 0.072266
3 0.634438 0.425781 0.068441 0.072917
12 0.579848 0.438151 0.045084 0.052083
12 0.531233 0.439453 0.053232 0.048177
244 0.894894 0.403320 0.035307 0.043620
244 0.858229 0.407552 0.038023 0.046875
244 0.820478 0.410807 0.038566 0.045573
52 0.778924 0.413411 0.047800 0.042969
82 0.772135 0.334961 0.032048 0.043620
82 0.793862 0.333333 0.014666 0.042969
82 0.815046 0.331706 0.028789 0.043620
233 0.860402 0.326172 0.033677 0.046875
233 0.895166 0.325846 0.034764 0.043620
21 0.915535 0.326823 0.007061 0.036458
233 0.932917 0.324219 0.039652 0.040365
233 0.950027 0.324544 0.005432 0.035807
92 0.583922 0.338867 0.034764 0.038411
92 0.614883 0.336914 0.029332 0.038411
212 0.646931 0.328125 0.034764 0.052083
92 0.673275 0.329427 0.033134 0.045573
92 0.703422 0.331706 0.032591 0.037109
92 0.731396 0.330404 0.030961 0.037109
296 0.789245 0.513346 0.042368 0.052734
296 0.747963 0.522135 0.041282 0.044271
296 0.749049 0.488932 0.043455 0.031250
143 0.885117 0.469727 0.062466 0.044922
143 0.890277 0.503581 0.052146 0.041016
143 0.836773 0.510091 0.053775 0.046224
235 0.809886 0.744141 0.048886 0.092448
235 0.847637 0.727539 0.048343 0.091797
152 0.859044 0.679688 0.025530 0.018229
132 0.617599 0.824219 0.053232 0.065104
132 0.615698 0.775065 0.049430 0.070964
132 0.662140 0.759440 0.060837 0.064453
132 0.668115 0.806315 0.048886 0.063151
96 0.918523 0.593099 0.030418 0.033854
96 0.918523 0.559896 0.030418 0.048177
96 0.947854 0.552409 0.029332 0.047526
96 0.948126 0.587240 0.028789 0.033854
96 0.853341 0.577148 0.032591 0.050130
96 0.853069 0.616211 0.032048 0.046224
96 0.884302 0.608724 0.030418 0.044271
96 0.884845 0.571940 0.029332 0.039714
271 0.775394 0.591471 0.035307 0.046224
271 0.805269 0.617513 0.027702 0.039714
271 0.780826 0.628255 0.026616 0.036458
349 0.695003 0.598958 0.040739 0.045573
349 0.733026 0.596354 0.039652 0.040365
349 0.733297 0.639974 0.036936 0.040365
349 0.694460 0.647135 0.040739 0.037760
349 0.646931 0.625651 0.046714 0.037760
349 0.647474 0.665039 0.046714 0.056641
207 0.603476 0.674479 0.048886 0.059896
207 0.555133 0.682292 0.053232 0.057292
207 0.571972 0.616211 0.042368 0.041016
86 0.469039 0.640951 0.065725 0.048828
86 0.481260 0.687500 0.059750 0.075521
86 0.438892 0.698568 0.049973 0.080729
329 0.345193 0.715169 0.084193 0.112630
109 0.302010 0.743490 0.015209 0.057292
329 0.174090 0.742513 0.095057 0.111328
329 0.265345 0.740560 0.088539 0.113932
101 0.310972 0.728190 0.014666 0.091797
62 0.170288 0.924154 0.095057 0.136068
62 0.242260 0.874023 0.084737 0.125651
246 0.546442 0.829102 0.052146 0.078776
246 0.497012 0.855143 0.055405 0.057943
246 0.485062 0.809245 0.067355 0.062500
246 0.419880 0.833008 0.073873 0.077474
246 0.419066 0.887370 0.050516 0.057292
246 0.362303 0.904948 0.056491 0.058594
246 0.351711 0.851237 0.083107 0.077474
250 0.868278 0.245117 0.022271 0.039714
250 0.892178 0.245768 0.024443 0.037109
250 0.922325 0.242839 0.031505 0.041667
204 0.203694 0.109375 0.077132 0.102865
208 0.758012 0.723307 0.046171 0.062500
208 0.767789 0.778971 0.042911 0.054036
223 0.975014 0.434896 0.046714 0.091146
14 0.979087 0.551758 0.030961 0.085286
235 0.948941 0.472005 0.020641 0.083333
235 0.923140 0.481120 0.025530 0.075521
