148 0.441303 0.370660 0.104828 0.119792
201 0.209821 0.631448 0.109458 0.099206
201 0.108135 0.647073 0.132937 0.104167
260 0.026290 0.672495 0.052579 0.115823
85 0.920800 0.787822 0.085648 0.115823
191 0.779266 0.655878 0.091601 0.117312
7 0.777282 0.837550 0.079696 0.102183
7 0.712632 0.847346 0.117063 0.119792
205 0.603671 0.897817 0.135251 0.176587
218 0.501984 0.925967 0.121693 0.148065
218 0.373181 0.951637 0.139220 0.096726
34 0.354167 0.757812 0.150794 0.166419
34 0.487434 0.723834 0.117725 0.167907
29 0.593254 0.701265 0.108466 0.141617
29 0.693452 0.683904 0.095899 0.134673
85 0.860780 0.799355 0.077381 0.077381
121 0.722884 0.514757 0.099206 0.141617
30 0.612434 0.529390 0.121693 0.138641
53 0.466435 0.564236 0.135251 0.135417
53 0.332507 0.583581 0.148479 0.146329
78 0.187831 0.481275 0.134259 0.127728
117 0.069610 0.500620 0.135251 0.140129
15 0.058862 0.318948 0.117725 0.167163
108 0.161045 0.317956 0.152778 0.157242
164 0.542163 0.370660 0.109458 0.151042
97 0.651124 0.346602 0.125000 0.180308
181 0.757937 0.344618 0.101190 0.157986
50 0.694610 0.144841 0.100198 0.151786
330 0.592758 0.149058 0.109458 0.147817
75 0.478671 0.140625 0.139220 0.171131
205 0.348545 0.125124 0.145503 0.189732
194 0.196594 0.122520 0.188823 0.187500
