305 0.219742 0.322173 0.150463 0.131448
315 0.393519 0.589782 0.112434 0.110615
315 0.477513 0.589782 0.109788 0.105159
201 0.582011 0.586930 0.109127 0.109871
201 0.665013 0.586186 0.109127 0.104911
355 0.622189 0.726562 0.092262 0.100942
355 0.554729 0.733507 0.101521 0.106895
214 0.477513 0.720734 0.107143 0.124008
214 0.396495 0.723710 0.115079 0.124008
130 0.190807 0.090030 0.207672 0.179563
130 0.065146 0.086558 0.129630 0.173115
75 0.356481 0.092634 0.169974 0.156002
75 0.499339 0.089658 0.157407 0.156002
194 0.642196 0.087426 0.150794 0.154018
194 0.772321 0.085317 0.151786 0.153274
194 0.908896 0.083333 0.157077 0.150298
117 0.350694 0.319072 0.131944 0.128224
117 0.459491 0.316096 0.125992 0.128224
117 0.570767 0.314112 0.123677 0.125744
117 0.691138 0.311508 0.155423 0.125992
355 0.741402 0.310268 0.056217 0.125992
201 0.381779 0.461434 0.108135 0.096974
201 0.471065 0.460565 0.102844 0.098214
61 0.571759 0.457961 0.110450 0.103423
61 0.656085 0.457837 0.099868 0.101190
201 0.721396 0.453993 0.074405 0.104911
261 0.804563 0.453745 0.111772 0.102431
261 0.892857 0.452257 0.115079 0.102431
164 0.047784 0.515749 0.095569 0.141121
108 0.140542 0.520213 0.134921 0.127728
108 0.254299 0.517485 0.144180 0.127728
268 0.738426 0.562128 0.077381 0.061756
268 0.747354 0.599330 0.073413 0.054812
186 0.829861 0.564856 0.084325 0.062748
186 0.867560 0.545883 0.073082 0.056548
186 0.887731 0.594618 0.077050 0.058780
186 0.826554 0.601811 0.077050 0.047867
94 0.955357 0.896453 0.089286 0.116319
35 0.749008 0.893477 0.125000 0.123264
35 0.854828 0.890501 0.121693 0.117808
85 0.404762 0.885913 0.125661 0.128968
85 0.504630 0.889509 0.138228 0.115327
85 0.622189 0.888641 0.139881 0.117560
7 0.265873 0.833829 0.150132 0.081349
7 0.162533 0.846726 0.133267 0.107143
7 0.073413 0.852059 0.146164 0.114335
7 0.279597 0.855407 0.133929 0.124504
181 0.040840 0.708953 0.075066 0.146081
181 0.134921 0.707093 0.161376 0.145833
181 0.264054 0.687128 0.135251 0.142113
305 0.086971 0.315476 0.127646 0.114087
305 0.144180 0.285218 0.013228 0.050099
15 0.852183 0.699405 0.080688 0.119544
15 0.775298 0.703621 0.086310 0.137401
15 0.690146 0.707465 0.083995 0.130208
