53 0.103652 0.103381 0.076262 0.113134
29 0.191729 0.092328 0.095596 0.127438
29 0.271214 0.089727 0.089151 0.127438
29 0.353383 0.091027 0.083781 0.130039
194 0.429646 0.098179 0.068743 0.113134
194 0.500537 0.100780 0.070892 0.110533
194 0.567669 0.102081 0.069817 0.102731
75 0.637487 0.098830 0.065521 0.109233
75 0.704619 0.096229 0.068743 0.111834
75 0.773362 0.096229 0.064447 0.111834
355 0.833512 0.094928 0.058002 0.106632
355 0.888829 0.093628 0.061224 0.106632
223 0.803974 0.298440 0.080559 0.113134
330 0.930183 0.468140 0.081633 0.106632
330 0.864662 0.473342 0.073040 0.106632
47 0.785177 0.472692 0.055854 0.097529
78 0.684748 0.485046 0.056928 0.098830
78 0.629431 0.488296 0.055854 0.097529
117 0.573577 0.489597 0.055854 0.102731
117 0.520945 0.493498 0.055854 0.097529
93 0.463480 0.496099 0.061224 0.097529
93 0.405478 0.500000 0.063373 0.097529
117 0.343716 0.504551 0.062299 0.093628
117 0.283566 0.507802 0.062299 0.094928
50 0.206767 0.505852 0.074114 0.109233
50 0.124597 0.511053 0.079484 0.109233
162 0.048335 0.511053 0.079484 0.124837
342 0.030075 0.674902 0.060150 0.124837
342 0.085929 0.657997 0.062299 0.127438
187 0.153061 0.677503 0.089151 0.124837
187 0.235231 0.657997 0.070892 0.127438
181 0.307197 0.663849 0.081633 0.131339
181 0.381310 0.658648 0.075188 0.131339
181 0.459184 0.652146 0.084855 0.131339
97 0.538131 0.642393 0.077336 0.130039
97 0.611171 0.635241 0.075188 0.120936
97 0.680988 0.630039 0.070892 0.120936
145 0.753491 0.643043 0.065521 0.097529
145 0.817401 0.631339 0.070892 0.120936
164 0.878088 0.628739 0.061224 0.118336
164 0.939850 0.627438 0.068743 0.118336
85 0.872718 0.795839 0.074114 0.148244
85 0.808271 0.792588 0.065521 0.131339
7 0.754565 0.795839 0.065521 0.148244
205 0.692803 0.815345 0.064447 0.179454
205 0.613319 0.817945 0.079484 0.189857
355 0.532760 0.814044 0.083781 0.176853
218 0.463480 0.795839 0.065521 0.137841
197 0.381310 0.859558 0.088077 0.143043
197 0.305048 0.866710 0.088077 0.149545
23 0.229860 0.873862 0.077336 0.145644
23 0.150376 0.881014 0.094522 0.149545
34 0.058539 0.880364 0.117078 0.176853
85 0.955961 0.792588 0.073040 0.152146
130 0.037594 0.309493 0.075188 0.145644
121 0.130505 0.304941 0.095596 0.146944
121 0.207304 0.303641 0.083781 0.146944
30 0.286788 0.300390 0.098818 0.145644
30 0.372180 0.299090 0.091300 0.143043
108 0.451128 0.312744 0.073040 0.110533
108 0.516649 0.311443 0.066595 0.107932
108 0.578947 0.309493 0.073040 0.106632
108 0.649839 0.306892 0.073040 0.106632
336 0.724490 0.305592 0.076262 0.104031
53 0.110097 0.103381 0.097744 0.115735
53 0.037057 0.106632 0.074114 0.111834
29 0.158432 0.097529 0.029001 0.122237
47 0.733083 0.486996 0.054780 0.097529
