52 0.530125 0.269333 0.053750 0.053333
52 0.589750 0.269333 0.053500 0.051333
52 0.630750 0.269333 0.046000 0.053333
244 0.676625 0.269333 0.045750 0.053333
244 0.722625 0.268333 0.050750 0.053333
321 0.773250 0.288833 0.053500 0.057667
321 0.821125 0.288000 0.043250 0.060000
354 0.865125 0.288000 0.045750 0.060000
354 0.903250 0.285000 0.043500 0.062000
333 0.702000 0.353333 0.083000 0.062000
212 0.407125 0.370000 0.043250 0.056667
345 0.299625 0.377833 0.035750 0.041000
345 0.269500 0.376667 0.039500 0.037333
345 0.231250 0.376667 0.039500 0.037333
92 0.199125 0.372833 0.037250 0.042333
251 0.222500 0.488167 0.046000 0.041667
62 0.734875 0.659500 0.039250 0.053667
62 0.789500 0.657333 0.074000 0.058000
62 0.850250 0.654333 0.056000 0.052667
62 0.893875 0.652333 0.048250 0.048667
235 0.772000 0.764333 0.053500 0.070000
235 0.814125 0.761333 0.047750 0.064000
8 0.583625 0.796500 0.047750 0.055667
33 0.633500 0.786167 0.047500 0.061000
246 0.390500 0.784667 0.052500 0.055333
246 0.390500 0.819833 0.052500 0.024333
246 0.442000 0.816333 0.051500 0.031333
246 0.442500 0.780500 0.053500 0.047000
243 0.513250 0.806333 0.085000 0.051333
329 0.284875 0.819167 0.060250 0.088333
329 0.334250 0.815000 0.050500 0.073333
296 0.257625 0.660833 0.058250 0.053667
296 0.258750 0.700333 0.045000 0.032667
109 0.303625 0.691667 0.047250 0.050000
132 0.351875 0.691000 0.054750 0.051333
132 0.349250 0.651500 0.058000 0.043667
132 0.403500 0.649000 0.051000 0.038667
132 0.403500 0.688833 0.054500 0.051667
349 0.246375 0.548000 0.041250 0.046000
349 0.286750 0.550333 0.048500 0.050000
349 0.246250 0.595167 0.054500 0.055667
349 0.290375 0.596500 0.041750 0.045667
12 0.342375 0.544667 0.047750 0.050667
12 0.342125 0.587167 0.046750 0.039000
236 0.386375 0.542167 0.045750 0.050333
236 0.385000 0.586167 0.042500 0.041000
207 0.429500 0.539500 0.044000 0.048333
207 0.429125 0.583667 0.039250 0.045333
207 0.468750 0.537333 0.039500 0.046667
207 0.469125 0.582167 0.037750 0.045667
290 0.512250 0.577833 0.035000 0.053000
233 0.543250 0.576667 0.030000 0.049333
250 0.587250 0.570333 0.021500 0.052000
250 0.609625 0.570000 0.032250 0.050667
250 0.629250 0.568833 0.033500 0.049000
233 0.662625 0.567500 0.036250 0.046333
233 0.695875 0.566833 0.032750 0.045000
143 0.310625 0.451000 0.074250 0.046667
143 0.311000 0.478000 0.078000 0.020667
21 0.358250 0.458167 0.032500 0.060333
21 0.390125 0.455333 0.033250 0.066667
21 0.420250 0.457667 0.032500 0.061333
39 0.456625 0.454667 0.032750 0.068000
39 0.486250 0.456000 0.036500 0.064667
39 0.516000 0.455000 0.030500 0.067333
38 0.562250 0.448000 0.028500 0.070667
38 0.607125 0.455833 0.029750 0.064333
3 0.651125 0.455500 0.057250 0.065000
3 0.693750 0.452500 0.057000 0.066333
280 0.384875 0.166333 0.033250 0.072667
280 0.415875 0.164333 0.033250 0.076667
307 0.449375 0.166333 0.031750 0.073333
307 0.480125 0.169500 0.031750 0.065667
188 0.565375 0.169167 0.031250 0.064333
188 0.595250 0.170167 0.032000 0.063667
239 0.627500 0.163500 0.033000 0.078333
239 0.658000 0.162500 0.034500 0.080333
239 0.673125 0.171500 0.006750 0.061667
11 0.737375 0.137333 0.055750 0.132667
274 0.788750 0.165667 0.057000 0.074667
86 0.478625 0.664333 0.044250 0.042000
86 0.526250 0.666167 0.045000 0.045667
271 0.614000 0.659667 0.041000 0.047333
271 0.653125 0.659000 0.041750 0.047333
271 0.690500 0.657333 0.043000 0.046000
157 0.439125 0.268833 0.046750 0.067000
150 0.392750 0.270333 0.048500 0.068000
150 0.352500 0.268667 0.043000 0.058000
217 0.297875 0.268333 0.053750 0.056667
204 0.245750 0.264500 0.059000 0.062333
204 0.195250 0.266333 0.054500 0.065333
73 0.207250 0.169000 0.056500 0.058000
73 0.206000 0.096333 0.054000 0.083333
265 0.274875 0.115167 0.052250 0.067000
265 0.263000 0.177500 0.049000 0.067000
284 0.312750 0.169667 0.049000 0.064667
33 0.672000 0.757167 0.046000 0.074333
208 0.721375 0.779500 0.039250 0.051667
96 0.856625 0.703667 0.028750 0.042667
96 0.882750 0.760667 0.040500 0.043333
