333 0.068328 0.238095 0.071181 0.071429
333 0.108259 0.238095 0.061756 0.070767
52 0.163938 0.247851 0.059524 0.049934
52 0.214658 0.244874 0.055804 0.051257
52 0.269345 0.244874 0.060516 0.053241
280 0.314360 0.235284 0.036458 0.071759
280 0.346478 0.232308 0.034226 0.072421
280 0.374876 0.232143 0.033482 0.070767
280 0.407118 0.230324 0.033482 0.070437
290 0.451017 0.236111 0.050843 0.056878
307 0.502728 0.247851 0.028274 0.029431
307 0.552579 0.240079 0.024306 0.044974
307 0.577009 0.229332 0.029514 0.065807
188 0.605407 0.230159 0.031746 0.062169
188 0.640501 0.234292 0.030506 0.053241
188 0.661954 0.237103 0.025298 0.048280
239 0.742932 0.218585 0.041419 0.072090
239 0.779142 0.215608 0.039931 0.076058
239 0.812376 0.218585 0.032490 0.072090
11 0.837798 0.218585 0.042163 0.072090
11 0.925719 0.214616 0.062252 0.072751
157 0.932540 0.337798 0.053571 0.056548
157 0.886657 0.338624 0.034226 0.054233
265 0.851438 0.338624 0.045635 0.060185
217 0.805556 0.339782 0.039187 0.056548
217 0.767485 0.339616 0.042907 0.054233
284 0.719618 0.340774 0.045883 0.056548
284 0.672619 0.341766 0.039187 0.056548
264 0.628844 0.341601 0.045883 0.060185
204 0.580977 0.348380 0.045883 0.045304
73 0.535094 0.349372 0.045883 0.047950
73 0.493056 0.350364 0.040675 0.047950
204 0.446181 0.345569 0.045635 0.058862
204 0.403150 0.346561 0.045883 0.060185
355 0.355283 0.355324 0.042907 0.049272
355 0.317212 0.356316 0.043155 0.047950
355 0.273313 0.362103 0.038690 0.034392
355 0.234251 0.364087 0.040427 0.035714
355 0.191220 0.365079 0.039683 0.034392
355 0.152158 0.365079 0.036458 0.034392
355 0.111235 0.367890 0.043403 0.033399
355 0.068328 0.366071 0.043403 0.034392
143 0.092882 0.449074 0.074653 0.041005
143 0.175843 0.448413 0.082837 0.041005
250 0.191220 0.542824 0.043155 0.047950
250 0.231399 0.540840 0.043155 0.047950
250 0.269345 0.538856 0.035218 0.047950
345 0.408110 0.436673 0.037450 0.051257
345 0.440972 0.436839 0.035714 0.050926
345 0.475570 0.436839 0.033482 0.049603
212 0.510417 0.431217 0.030258 0.037698
212 0.540675 0.430886 0.030258 0.037698
92 0.592386 0.435020 0.030506 0.048611
345 0.623016 0.429398 0.028274 0.037368
345 0.368800 0.426918 0.044147 0.050926
243 0.231523 0.663856 0.094990 0.051257
243 0.325273 0.666832 0.094990 0.045966
243 0.325025 0.622354 0.098958 0.048280
296 0.447917 0.653274 0.040179 0.047288
296 0.413814 0.643849 0.044395 0.048280
21 0.572669 0.634259 0.036706 0.079365
21 0.554688 0.620370 0.028026 0.077381
21 0.529886 0.625992 0.030010 0.083333
38 0.608879 0.609458 0.028770 0.066138
38 0.637649 0.611772 0.038194 0.068122
38 0.671503 0.614087 0.035466 0.067460
38 0.699281 0.612434 0.033482 0.062169
152 0.748264 0.595403 0.050099 0.047950
152 0.792907 0.637731 0.045139 0.057209
152 0.759301 0.646329 0.072669 0.065146
209 0.822545 0.595734 0.007688 0.038029
109 0.842138 0.592262 0.044395 0.045635
109 0.836558 0.637235 0.035714 0.045635
109 0.901910 0.645999 0.061756 0.060516
109 0.894717 0.594411 0.049851 0.051257
86 0.706101 0.716601 0.053075 0.037037
86 0.766121 0.724041 0.067460 0.054563
86 0.719742 0.780919 0.066468 0.060516
338 0.779514 0.779927 0.070437 0.060516
280 0.841766 0.759755 0.073909 0.125992
329 0.904514 0.757937 0.046627 0.099868
12 0.474702 0.498843 0.047123 0.032077
12 0.471106 0.537202 0.046379 0.054563
12 0.423859 0.539517 0.045635 0.051918
12 0.422247 0.498181 0.050843 0.034722
207 0.521701 0.538029 0.042411 0.049603
207 0.523065 0.498347 0.046131 0.031746
207 0.569692 0.497354 0.048115 0.031746
207 0.568576 0.538029 0.047371 0.049603
3 0.628720 0.522321 0.062500 0.079696
3 0.691220 0.522487 0.062004 0.075397
82 0.322669 0.538856 0.045635 0.056548
82 0.354291 0.530589 0.020585 0.037368
82 0.378968 0.528439 0.032242 0.042328
271 0.275050 0.730820 0.044147 0.051587
271 0.275050 0.777282 0.034722 0.044643
271 0.238963 0.777282 0.045387 0.045304
271 0.233507 0.730489 0.047867 0.051587
271 0.321181 0.786706 0.053571 0.058201
349 0.419271 0.778935 0.047371 0.057209
349 0.485615 0.773975 0.043155 0.047288
349 0.529266 0.778274 0.049107 0.055886
96 0.139385 0.780589 0.072917 0.073082
96 0.183036 0.772652 0.036210 0.057209
33 0.122644 0.908730 0.093502 0.097884
208 0.403770 0.859954 0.047123 0.052579
208 0.400546 0.914683 0.050099 0.060847
208 0.354787 0.857970 0.050347 0.048611
132 0.467386 0.852513 0.049851 0.038360
132 0.468750 0.865575 0.048611 0.022817
132 0.468626 0.893022 0.052827 0.048611
132 0.519965 0.893519 0.051835 0.044974
132 0.519345 0.852017 0.052083 0.040013
338 0.614211 0.895833 0.106895 0.062169
235 0.610739 0.863426 0.099950 0.011243
62 0.882937 0.904597 0.109623 0.081680
235 0.244544 0.880291 0.059028 0.083333
235 0.295883 0.880291 0.054067 0.083333
208 0.335813 0.944610 0.059524 0.046627
