178 0.039744 0.227885 0.079487 0.135256
225 0.040598 0.411218 0.081197 0.080128
347 0.043590 0.558654 0.087179 0.140385
151 0.134615 0.548077 0.108547 0.158974
151 0.208547 0.548397 0.111111 0.148077
320 0.311111 0.511859 0.109402 0.092949
320 0.312821 0.578526 0.105983 0.066026
287 0.478632 0.684936 0.085470 0.125000
46 0.540598 0.690705 0.064103 0.100641
298 0.716239 0.797115 0.085470 0.092949
124 0.641026 0.801923 0.094017 0.093590
229 0.551282 0.809936 0.083761 0.094231
32 0.470085 0.816987 0.085470 0.090385
169 0.385043 0.821795 0.093162 0.093590
56 0.302991 0.829487 0.079487 0.098718
259 0.226068 0.839103 0.079487 0.092308
298 0.717949 0.914423 0.095726 0.100641
19 0.618376 0.398718 0.113675 0.076923
19 0.712393 0.395833 0.125641 0.077564
196 0.809829 0.384936 0.079487 0.087821
189 0.655983 0.504167 0.089744 0.063462
87 0.650000 0.564744 0.088034 0.065385
37 0.587179 0.557051 0.070085 0.082051
190 0.523077 0.549038 0.078632 0.107051
282 0.508974 0.249359 0.158120 0.092308
282 0.620513 0.248397 0.155556 0.092949
282 0.764103 0.256410 0.147009 0.074359
64 0.685043 0.073397 0.142735 0.119872
324 0.558974 0.077564 0.100855 0.101282
142 0.451709 0.074359 0.098291 0.107692
222 0.347009 0.073718 0.107692 0.107692
192 0.223077 0.070513 0.114530 0.107692
1 0.127350 0.086218 0.102564 0.071154
111 0.381197 0.248397 0.071795 0.096795
111 0.302991 0.248397 0.079487 0.096795
137 0.219231 0.257051 0.079487 0.074359
137 0.146154 0.257372 0.078632 0.077564
1 0.044872 0.082372 0.089744 0.063462
225 0.199573 0.393910 0.096581 0.109615
225 0.120513 0.403526 0.080342 0.094231
31 0.820940 0.087179 0.117094 0.121795
177 0.728632 0.556731 0.062393 0.077564
334 0.794872 0.552564 0.063248 0.069231
174 0.646581 0.701923 0.106838 0.064103
122 0.748291 0.714423 0.098291 0.021154
122 0.755556 0.685256 0.105983 0.035897
122 0.752564 0.653846 0.106838 0.035897
173 0.378205 0.701923 0.127350 0.041026
173 0.383761 0.742628 0.126496 0.036538
189 0.256410 0.749359 0.126496 0.035897
27 0.261538 0.710577 0.114530 0.033974
89 0.153846 0.697756 0.095726 0.057051
89 0.159402 0.751282 0.093162 0.047436
184 0.072650 0.742628 0.085470 0.071154
171 0.374359 0.945192 0.058120 0.077564
171 0.313248 0.955449 0.070940 0.077564
171 0.250427 0.964744 0.064957 0.070513
171 0.190598 0.958654 0.052991 0.072436
309 0.423504 0.586859 0.118803 0.040385
309 0.423504 0.543910 0.120513 0.055769
40 0.635897 0.919551 0.046154 0.076282
40 0.582906 0.925962 0.056410 0.069872
40 0.517949 0.930128 0.059829 0.071795
40 0.464957 0.932692 0.047863 0.071795
