275 0.682051 0.561576 0.229060 0.088670
275 0.685897 0.469828 0.235043 0.116995
6 0.647863 0.288793 0.157265 0.084975
6 0.647863 0.213054 0.158974 0.093596
6 0.650855 0.129926 0.168376 0.099754
232 0.467949 0.134236 0.117094 0.098522
232 0.468803 0.219828 0.117094 0.092365
232 0.470085 0.296182 0.116239 0.084975
232 0.353846 0.298030 0.123077 0.086207
232 0.352564 0.220443 0.123932 0.091133
232 0.356838 0.132389 0.111966 0.097291
288 0.188462 0.139778 0.211111 0.099754
288 0.188889 0.222906 0.205128 0.086207
288 0.189744 0.298645 0.201709 0.084975
80 0.155556 0.412562 0.270085 0.110837
80 0.157265 0.499384 0.263248 0.097291
80 0.170085 0.568350 0.246154 0.072660
80 0.419658 0.471059 0.225641 0.119458
80 0.417094 0.561576 0.229060 0.088670
80 0.423077 0.636084 0.217094 0.082512
80 0.423077 0.711207 0.218803 0.077586
275 0.894444 0.397783 0.205983 0.103448
275 0.903419 0.481527 0.191453 0.091133
275 0.900427 0.559729 0.195726 0.092365
275 0.898718 0.637315 0.199145 0.080049
275 0.898718 0.704433 0.199145 0.073892
283 0.844872 0.125000 0.226496 0.092365
283 0.844872 0.204433 0.226496 0.093596
283 0.841026 0.283251 0.220513 0.091133
