61 0.040648 0.129490 0.081295 0.141777
260 0.111038 0.132325 0.088566 0.143667
315 0.188367 0.131380 0.083278 0.141777
201 0.255453 0.117202 0.085261 0.164461
201 0.326504 0.124291 0.083278 0.152174
261 0.402842 0.122873 0.082617 0.149338
214 0.476206 0.107750 0.085261 0.173913
35 0.561467 0.094991 0.107733 0.189981
218 0.866160 0.084594 0.143424 0.169187
218 0.959022 0.084121 0.081956 0.168242
29 0.702247 0.379490 0.126239 0.224008
23 0.587244 0.384688 0.111699 0.215501
148 0.487773 0.406427 0.085922 0.175803
164 0.363847 0.402647 0.109055 0.194707
108 0.176801 0.412571 0.076008 0.171078
108 0.098149 0.412098 0.089227 0.173913
97 0.392267 0.636578 0.111699 0.205104
194 0.488103 0.632325 0.090549 0.215501
75 0.575347 0.628072 0.091870 0.220227
30 0.668539 0.627127 0.118308 0.224008
53 0.809319 0.645085 0.118308 0.178639
53 0.903503 0.642250 0.097819 0.186200
330 0.565433 0.895085 0.098480 0.175803
15 0.646728 0.836011 0.082617 0.133270
15 0.715135 0.840265 0.075347 0.088847
50 0.484137 0.879962 0.087905 0.177694
50 0.385658 0.884688 0.091870 0.175803
268 0.769993 0.076087 0.060806 0.087902
268 0.766358 0.141777 0.060145 0.071834
181 0.112360 0.637996 0.116325 0.207940
181 0.205882 0.637524 0.109055 0.205104
97 0.301388 0.635633 0.112360 0.208885
305 0.121613 0.909735 0.079313 0.133270
305 0.183410 0.908790 0.073364 0.137051
78 0.248843 0.907845 0.076008 0.137051
117 0.311633 0.907372 0.074686 0.136106
130 0.793787 0.880435 0.103106 0.195652
130 0.886649 0.879962 0.101124 0.196597
116 0.753470 0.373819 0.014541 0.212665
34 0.817250 0.362004 0.120952 0.234405
34 0.926636 0.355860 0.129544 0.239130
