109 0.786954 0.185351 0.042163 0.067130
109 0.750868 0.185351 0.052331 0.076389
11 0.570188 0.236111 0.039683 0.068783
11 0.537078 0.243056 0.039435 0.070767
270 0.487103 0.258598 0.036706 0.064153
5 0.369916 0.317295 0.031994 0.031415
5 0.343626 0.322090 0.031994 0.030423
5 0.307540 0.324074 0.033730 0.042328
92 0.391369 0.377811 0.026290 0.030093
0 0.413938 0.376819 0.026290 0.030754
290 0.434400 0.370040 0.026538 0.034392
66 0.553571 0.424769 0.036210 0.053241
66 0.520461 0.424769 0.036458 0.053241
207 0.487227 0.437335 0.032986 0.035384
226 0.449033 0.439153 0.032986 0.035714
86 0.301339 0.558862 0.015873 0.020503
86 0.298239 0.537368 0.021577 0.024471
86 0.287574 0.555886 0.016617 0.019180
86 0.282986 0.535880 0.020337 0.023479
38 0.423239 0.571594 0.019593 0.037368
3 0.405506 0.562996 0.024306 0.030754
3 0.393105 0.558697 0.023810 0.032077
38 0.368056 0.560847 0.019841 0.037037
38 0.351066 0.557540 0.013145 0.037037
38 0.357763 0.558036 0.010665 0.038690
296 0.319568 0.559854 0.015129 0.017196
296 0.318080 0.541005 0.018601 0.023148
209 0.333209 0.542824 0.021577 0.024802
143 0.481151 0.547784 0.038194 0.029431
143 0.482019 0.571759 0.036458 0.027778
143 0.483259 0.591931 0.033978 0.025794
316 0.452505 0.585979 0.031994 0.023148
316 0.450521 0.566964 0.031994 0.024140
316 0.447917 0.545800 0.033730 0.024802
355 0.539187 0.559524 0.024802 0.031085
355 0.539187 0.584325 0.024306 0.025794
355 0.540179 0.603340 0.022321 0.022817
355 0.515749 0.598876 0.023562 0.021164
355 0.515129 0.580357 0.024802 0.024471
355 0.515873 0.556878 0.026786 0.028439
73 0.687624 0.620536 0.032490 0.055225
73 0.657118 0.614914 0.035466 0.052579
355 0.627604 0.598214 0.021577 0.061508
355 0.605531 0.598049 0.023562 0.061839
355 0.582713 0.593089 0.022073 0.051918
355 0.563616 0.591931 0.018601 0.049603
265 0.727679 0.635417 0.035218 0.045304
265 0.728175 0.593254 0.036210 0.048942
231 0.766245 0.643353 0.037946 0.043320
231 0.766493 0.598876 0.039435 0.060185
284 0.814236 0.601356 0.045635 0.065146
284 0.812624 0.651290 0.044891 0.049272
217 0.859499 0.652778 0.045883 0.056217
217 0.858755 0.603836 0.044891 0.051587
329 0.690228 0.511905 0.048611 0.066138
62 0.743180 0.514385 0.055804 0.071098
62 0.796007 0.521495 0.057788 0.070106
62 0.862723 0.520668 0.071181 0.083003
290 0.704365 0.739914 0.034722 0.049934
157 0.705233 0.700728 0.033482 0.046296
264 0.742312 0.705026 0.037698 0.054894
264 0.741567 0.748843 0.036210 0.050595
264 0.781994 0.717758 0.040675 0.061839
264 0.780506 0.763558 0.041171 0.052249
204 0.823537 0.778439 0.044395 0.052910
204 0.825521 0.731151 0.044891 0.063492
235 0.589658 0.699405 0.036954 0.056878
96 0.516741 0.671792 0.022073 0.041997
96 0.521949 0.637897 0.018601 0.033730
96 0.506944 0.630952 0.019841 0.027116
96 0.498388 0.666336 0.029514 0.038360
8 0.468378 0.660880 0.033482 0.040675
8 0.437500 0.631448 0.032738 0.028108
8 0.440104 0.656085 0.031002 0.031085
208 0.670635 0.729167 0.024306 0.047619
235 0.631324 0.708499 0.043899 0.059854
84 0.295387 0.593089 0.033730 0.026786
84 0.294643 0.613095 0.020337 0.021164
338 0.270213 0.604167 0.019097 0.020503
338 0.270213 0.589947 0.027034 0.020503
338 0.250000 0.598710 0.021825 0.022156
84 0.323785 0.617229 0.026042 0.028108
33 0.359003 0.625992 0.038938 0.044974
33 0.408978 0.633598 0.021825 0.049603
33 0.394345 0.625331 0.020833 0.042328
243 0.522445 0.487765 0.056300 0.029762
243 0.524058 0.514881 0.056052 0.029762
109 0.501488 0.530423 0.014881 0.011243
92 0.551587 0.517196 0.003472 0.023810
329 0.570561 0.502976 0.037450 0.058862
329 0.601314 0.504299 0.032490 0.063492
349 0.356523 0.478340 0.016121 0.021495
296 0.356275 0.500496 0.015129 0.025463
345 0.373140 0.501819 0.016617 0.022156
296 0.389385 0.504630 0.015873 0.019180
296 0.405506 0.504630 0.018353 0.019180
290 0.405878 0.481812 0.019593 0.025794
109 0.443576 0.482474 0.021577 0.027116
152 0.426463 0.506944 0.018601 0.023810
152 0.444940 0.507440 0.020833 0.024802
109 0.465898 0.482639 0.026042 0.028770
109 0.465898 0.509259 0.022073 0.029101
109 0.486359 0.509755 0.019841 0.030093
246 0.489831 0.480159 0.015377 0.025132
349 0.337302 0.502149 0.019345 0.022156
290 0.335813 0.480820 0.014881 0.021164
349 0.318700 0.500000 0.016369 0.017196
349 0.305928 0.500331 0.012649 0.016534
349 0.304315 0.479332 0.014881 0.016865
349 0.316220 0.478340 0.014881 0.018188
244 0.324777 0.425265 0.014137 0.013889
244 0.309772 0.426422 0.011409 0.013558
244 0.313244 0.450893 0.009425 0.012897
244 0.326761 0.450562 0.013641 0.014881
12 0.381944 0.420800 0.018353 0.024140
12 0.370040 0.421296 0.013393 0.024471
109 0.354167 0.420800 0.018353 0.024140
236 0.433532 0.414683 0.010417 0.025794
236 0.418403 0.415675 0.015377 0.025794
236 0.409846 0.442956 0.021577 0.028770
236 0.426711 0.441964 0.023562 0.029431
12 0.368800 0.445933 0.015873 0.025463
12 0.384797 0.445767 0.014633 0.025794
52 0.355903 0.445933 0.015873 0.026124
52 0.342262 0.446429 0.013889 0.025132
188 0.229787 0.352513 0.010169 0.023810
188 0.238963 0.350529 0.008185 0.023148
307 0.255332 0.345073 0.012649 0.024802
68 0.267113 0.340112 0.009921 0.028108
239 0.265749 0.394345 0.011657 0.030093
109 0.255704 0.396495 0.010417 0.029762
21 0.247892 0.396825 0.013145 0.031746
21 0.238963 0.397487 0.011161 0.033069
21 0.226562 0.401290 0.008681 0.027447
21 0.219742 0.401786 0.008433 0.027116
5 0.402282 0.305060 0.041171 0.029431
5 0.443328 0.292659 0.043899 0.033730
5 0.442212 0.269015 0.046131 0.040013
92 0.368056 0.380787 0.026290 0.031415
345 0.341766 0.384590 0.026290 0.031085
