204 0.197135 0.154861 0.053646 0.062500
204 0.242969 0.144097 0.066146 0.075694
284 0.301563 0.148264 0.034375 0.060417
157 0.343490 0.143403 0.061979 0.072917
307 0.486979 0.135417 0.040625 0.069444
307 0.526042 0.132292 0.040625 0.071528
239 0.638281 0.114931 0.039062 0.088194
239 0.677604 0.109028 0.042708 0.095833
11 0.730208 0.082639 0.077083 0.136111
342 0.944010 0.059375 0.105729 0.118750
52 0.728125 0.228125 0.069792 0.070139
52 0.661979 0.230903 0.069792 0.072917
217 0.347396 0.251736 0.040625 0.068750
217 0.297656 0.251389 0.051562 0.069444
265 0.241927 0.253819 0.051562 0.068750
265 0.192969 0.254514 0.050521 0.065972
264 0.132552 0.260417 0.066146 0.065278
345 0.236979 0.350347 0.045833 0.049306
53 0.792708 0.360069 0.081250 0.121528
53 0.858073 0.360069 0.111979 0.124306
166 0.955729 0.349306 0.082292 0.159722
130 0.948958 0.508681 0.068750 0.140972
29 0.876823 0.524306 0.100521 0.150000
29 0.792708 0.526042 0.094792 0.146528
280 0.402083 0.138194 0.035417 0.073611
280 0.444792 0.137153 0.037500 0.071528
280 0.409896 0.067361 0.028125 0.077778
280 0.441927 0.064583 0.042188 0.086111
97 0.789583 0.677083 0.072917 0.125000
97 0.880990 0.702083 0.094271 0.143056
97 0.959896 0.703819 0.078125 0.145139
218 0.796615 0.857639 0.076563 0.140278
218 0.875260 0.875694 0.093229 0.172222
307 0.960156 0.872917 0.077604 0.159722
349 0.657292 0.625694 0.054167 0.068056
349 0.656771 0.565625 0.055208 0.056250
349 0.712760 0.570139 0.058854 0.065278
349 0.714323 0.630903 0.055729 0.059028
86 0.380990 0.747569 0.067187 0.064583
86 0.445833 0.749653 0.067708 0.064583
132 0.509896 0.739236 0.059375 0.057639
86 0.444010 0.703472 0.061979 0.030556
86 0.379167 0.699306 0.062500 0.023611
296 0.603906 0.634375 0.053646 0.077083
109 0.361198 0.613889 0.050521 0.062500
109 0.405729 0.609375 0.043750 0.053472
21 0.235677 0.601389 0.041146 0.090278
21 0.261458 0.597222 0.028125 0.081944
21 0.290365 0.604167 0.035937 0.094444
21 0.323437 0.587153 0.032292 0.084028
21 0.302604 0.589236 0.025000 0.082639
207 0.229427 0.489931 0.058854 0.061806
236 0.303385 0.477431 0.036979 0.077083
236 0.336719 0.469444 0.036979 0.056944
82 0.366667 0.493750 0.040625 0.063889
236 0.350000 0.422222 0.051042 0.040278
82 0.413802 0.492361 0.049479 0.070833
233 0.616927 0.480903 0.051562 0.059028
233 0.616927 0.424306 0.042188 0.062500
52 0.605469 0.403472 0.039062 0.022222
38 0.732552 0.458681 0.032813 0.103472
38 0.697917 0.467361 0.040625 0.093056
38 0.659115 0.454514 0.034896 0.097917
84 0.611458 0.723611 0.107292 0.056944
296 0.548177 0.644097 0.052604 0.070139
243 0.377083 0.857986 0.113542 0.046528
243 0.379427 0.886111 0.111979 0.059722
243 0.383333 0.935069 0.104167 0.056250
96 0.497656 0.925347 0.053646 0.074306
33 0.616406 0.872917 0.067187 0.095833
8 0.684635 0.878125 0.068229 0.092361
62 0.202865 0.853472 0.057813 0.093056
246 0.284896 0.834722 0.051042 0.047222
235 0.714583 0.750347 0.073958 0.111806
73 0.086719 0.159375 0.052604 0.079861
73 0.094271 0.082639 0.033333 0.055556
92 0.165104 0.356597 0.035417 0.046528
92 0.133333 0.354861 0.027083 0.047222
333 0.680469 0.331250 0.052604 0.093056
333 0.735938 0.327431 0.055208 0.097917
208 0.556771 0.936806 0.057292 0.065278
207 0.239583 0.427778 0.045833 0.056944
212 0.182292 0.470139 0.031250 0.051389
