50 0.129109 0.131550 0.077624 0.118996
330 0.203366 0.124727 0.077228 0.137009
108 0.447723 0.134552 0.069307 0.107533
108 0.505149 0.134552 0.072475 0.105349
148 0.599406 0.125819 0.061386 0.123908
14 0.656634 0.127729 0.061782 0.117904
260 0.964554 0.260644 0.055842 0.097707
260 0.964554 0.344432 0.046337 0.087336
201 0.837624 0.344432 0.055446 0.093886
201 0.788119 0.347434 0.058614 0.087882
315 0.744950 0.347434 0.055446 0.087882
261 0.644158 0.348526 0.055842 0.085699
261 0.597822 0.348526 0.051089 0.087882
75 0.551485 0.341430 0.068515 0.112991
194 0.484950 0.342522 0.068515 0.112991
194 0.430693 0.342522 0.063762 0.112991
47 0.376634 0.344432 0.061782 0.110262
305 0.322376 0.347434 0.061782 0.109716
117 0.273069 0.348526 0.059802 0.100983
78 0.215842 0.347434 0.061782 0.107533
47 0.166337 0.340066 0.064950 0.127729
214 0.110495 0.348526 0.061782 0.111900
240 0.050297 0.351528 0.061782 0.110262
29 0.223366 0.520742 0.083168 0.144105
29 0.294653 0.515830 0.077624 0.144105
162 0.359604 0.510098 0.077624 0.155568
197 0.504950 0.504094 0.075248 0.155568
197 0.571485 0.504094 0.077624 0.155568
130 0.644158 0.504094 0.077228 0.149017
130 0.713861 0.508188 0.077228 0.144105
30 0.781980 0.504094 0.077228 0.144651
121 0.851485 0.501092 0.070495 0.144105
121 0.921188 0.498362 0.070495 0.144105
121 0.969109 0.500273 0.045149 0.146834
164 0.842376 0.677675 0.070495 0.149017
145 0.778812 0.692413 0.064554 0.126092
97 0.707723 0.689410 0.070495 0.135371
97 0.644356 0.687500 0.076040 0.142467
97 0.568515 0.691321 0.070099 0.134825
97 0.508119 0.691321 0.070495 0.139192
181 0.432277 0.694050 0.082772 0.149017
181 0.365743 0.696234 0.075644 0.149017
187 0.299208 0.703057 0.077228 0.136463
187 0.228119 0.706059 0.081584 0.137009
342 0.153861 0.708242 0.081980 0.141376
342 0.085743 0.707969 0.081980 0.148472
34 0.067129 0.901201 0.084356 0.197598
34 0.139802 0.896015 0.089505 0.207969
23 0.212475 0.908024 0.078812 0.162118
162 0.276040 0.918395 0.081584 0.143559
218 0.353465 0.884279 0.081980 0.207424
218 0.420000 0.884279 0.084356 0.207424
218 0.480396 0.883461 0.089505 0.207969
205 0.560594 0.881550 0.078812 0.200873
205 0.628713 0.890284 0.075644 0.186681
7 0.696832 0.857806 0.064554 0.139192
7 0.754059 0.857806 0.066535 0.141376
85 0.842178 0.862718 0.060594 0.163210
15 0.890297 0.869541 0.076040 0.148472
15 0.959802 0.884552 0.078812 0.188319
328 0.702970 0.128821 0.061782 0.115721
53 0.435248 0.512828 0.083960 0.161026
53 0.149109 0.528657 0.081980 0.130459
53 0.070297 0.528657 0.077228 0.134825
50 0.057822 0.127729 0.089505 0.123362
223 0.276040 0.127729 0.088713 0.125546
214 0.769109 0.045033 0.054653 0.086790
214 0.767129 0.131550 0.053069 0.097162
186 0.935446 0.119269 0.034851 0.048581
186 0.937624 0.157751 0.030495 0.038210
186 0.939802 0.075873 0.036436 0.050218
268 0.982970 0.030568 0.034059 0.049127
268 0.982970 0.073690 0.034059 0.049127
186 0.981584 0.118177 0.036832 0.049672
268 0.983564 0.155022 0.032871 0.040393
35 0.891287 0.676856 0.059010 0.117904
35 0.947525 0.676856 0.062178 0.118996
315 0.735050 0.268832 0.049901 0.084607
61 0.918812 0.343614 0.030099 0.083515
61 0.885347 0.343068 0.036832 0.086790
