73 0.141617 0.411872 0.041667 0.051257
73 0.183160 0.412864 0.044395 0.051257
73 0.191840 0.364418 0.038938 0.053571
204 0.223586 0.409226 0.034970 0.037368
204 0.258185 0.410053 0.038690 0.038360
204 0.258309 0.365410 0.037946 0.054233
264 0.294643 0.411210 0.037202 0.038029
204 0.297619 0.361276 0.038194 0.036706
265 0.134177 0.283234 0.051091 0.053902
217 0.224330 0.284061 0.041915 0.060847
217 0.263269 0.291005 0.039435 0.050926
284 0.181796 0.282903 0.048115 0.058532
284 0.223958 0.236442 0.043155 0.059524
217 0.263517 0.239914 0.032490 0.045304
239 0.298859 0.277116 0.030258 0.080026
239 0.328621 0.284722 0.027778 0.066799
239 0.355407 0.280093 0.028274 0.078042
188 0.385665 0.290013 0.026786 0.060185
188 0.411954 0.292493 0.026786 0.057870
239 0.423983 0.256448 0.017113 0.067791
188 0.402778 0.238095 0.026290 0.060185
188 0.387773 0.243717 0.004712 0.035714
307 0.496404 0.293320 0.025050 0.036376
307 0.471354 0.291832 0.025050 0.036045
307 0.447049 0.290840 0.024058 0.035384
280 0.525422 0.237930 0.024058 0.037368
280 0.526538 0.296462 0.023313 0.038029
280 0.549727 0.297288 0.023065 0.038360
280 0.571305 0.297619 0.021081 0.039021
52 0.654018 0.311177 0.043651 0.041005
52 0.691716 0.312500 0.038194 0.038360
333 0.732267 0.256779 0.041419 0.062500
333 0.729663 0.312335 0.035714 0.053241
143 0.773189 0.327216 0.052827 0.028108
243 0.188492 0.494544 0.080357 0.041997
243 0.178819 0.531415 0.099206 0.037037
329 0.225818 0.725694 0.053819 0.061177
329 0.174975 0.725529 0.060764 0.061508
62 0.211434 0.845569 0.053819 0.080688
62 0.161458 0.847718 0.057044 0.084325
246 0.265501 0.819114 0.048363 0.044974
246 0.311260 0.818783 0.048611 0.044312
246 0.270585 0.855324 0.037698 0.030754
246 0.305804 0.854993 0.035714 0.030754
246 0.369172 0.851190 0.041419 0.047619
246 0.407614 0.842097 0.036954 0.041336
132 0.516121 0.809193 0.046627 0.048280
132 0.471974 0.790509 0.043155 0.040675
132 0.510293 0.855489 0.046875 0.033730
132 0.464906 0.855489 0.044891 0.033069
208 0.593874 0.848876 0.033978 0.044312
208 0.560516 0.811343 0.038690 0.041336
208 0.558780 0.851190 0.034722 0.039683
235 0.691468 0.832011 0.050595 0.075397
271 0.716270 0.725529 0.033730 0.041667
271 0.684772 0.725860 0.038690 0.041005
271 0.653026 0.726190 0.033730 0.040344
271 0.651290 0.689153 0.030258 0.036376
271 0.678323 0.686508 0.041667 0.042328
271 0.711558 0.685847 0.043155 0.041005
96 0.780134 0.688161 0.046379 0.044312
96 0.783978 0.724041 0.034722 0.029431
96 0.750620 0.719411 0.035466 0.037368
349 0.544023 0.728505 0.034970 0.044974
349 0.542535 0.683036 0.031994 0.036706
349 0.572793 0.677414 0.029514 0.028770
349 0.580109 0.725198 0.036706 0.041005
349 0.614583 0.728836 0.033234 0.033069
349 0.614583 0.691138 0.033234 0.044312
152 0.500124 0.694279 0.038442 0.046627
152 0.503100 0.732970 0.037450 0.033399
86 0.460441 0.721065 0.039435 0.046627
86 0.362971 0.697255 0.048363 0.043320
86 0.365823 0.732474 0.031250 0.030423
86 0.403274 0.728009 0.033234 0.040013
109 0.280754 0.694610 0.046131 0.043320
109 0.276290 0.732639 0.037202 0.034061
109 0.311632 0.729497 0.037450 0.039683
92 0.175595 0.625496 0.027282 0.037368
92 0.205109 0.625496 0.034226 0.038029
8 0.302331 0.648479 0.052579 0.009259
42 0.404638 0.627646 0.025050 0.036376
42 0.429315 0.627480 0.022817 0.036706
296 0.473958 0.628472 0.033730 0.036706
296 0.508681 0.628968 0.035714 0.037698
296 0.510789 0.593254 0.034474 0.046296
296 0.475446 0.588624 0.036210 0.041005
38 0.542783 0.620536 0.021081 0.063823
38 0.565724 0.618056 0.025794 0.069444
38 0.588666 0.616071 0.024554 0.069444
3 0.628224 0.617890 0.042659 0.054563
3 0.675223 0.622189 0.048363 0.058532
3 0.719618 0.622354 0.045387 0.058201
21 0.788938 0.618386 0.031746 0.063492
21 0.777530 0.611111 0.032242 0.056878
21 0.756696 0.613095 0.020337 0.054894
250 0.629464 0.541667 0.025794 0.035053
250 0.654886 0.542163 0.027530 0.035384
250 0.672371 0.540675 0.021329 0.038360
250 0.675471 0.539517 0.028522 0.040675
236 0.573537 0.531415 0.067708 0.055556
236 0.572917 0.497354 0.066964 0.051587
207 0.475942 0.492560 0.038690 0.046627
207 0.513269 0.492560 0.036954 0.046627
207 0.474826 0.532903 0.034474 0.034722
207 0.511905 0.532573 0.039683 0.036045
12 0.400298 0.530589 0.033234 0.037368
12 0.436756 0.530754 0.034722 0.037698
82 0.310640 0.529927 0.023562 0.034722
82 0.336558 0.530258 0.030754 0.034722
82 0.364335 0.531415 0.026290 0.032407
0 0.252728 0.533234 0.028770 0.043981
0 0.281250 0.534888 0.025298 0.041336
345 0.288566 0.625992 0.027034 0.037037
345 0.315228 0.625827 0.028770 0.036706
33 0.747396 0.853671 0.048363 0.080357
33 0.799603 0.854497 0.055060 0.088624
233 0.751364 0.536541 0.037946 0.032077
