73 0.037037 0.040923 0.074074 0.081845
73 0.130787 0.040923 0.116071 0.081845
204 0.252811 0.041915 0.108135 0.083333
204 0.362103 0.041915 0.113757 0.083333
157 0.468585 0.041915 0.108466 0.083333
284 0.584821 0.042783 0.116733 0.085565
280 0.685351 0.041915 0.080357 0.083333
280 0.763558 0.040923 0.091270 0.081349
307 0.851356 0.040923 0.091601 0.081349
307 0.909061 0.048735 0.045635 0.059772
217 0.576058 0.178571 0.107804 0.087302
217 0.466601 0.180556 0.108466 0.080357
265 0.366071 0.181424 0.102513 0.075645
264 0.129795 0.173735 0.112103 0.082093
204 0.037037 0.172743 0.074074 0.082093
345 0.073082 0.337674 0.111772 0.076141
345 0.178571 0.341642 0.094577 0.071677
3 0.089616 0.467758 0.148148 0.106151
3 0.218585 0.474454 0.137566 0.097718
207 0.374835 0.488219 0.100198 0.076141
207 0.466601 0.480283 0.104497 0.091518
236 0.576058 0.482267 0.099868 0.092014
236 0.685351 0.493056 0.108135 0.083333
82 0.786872 0.489087 0.077712 0.079861
82 0.923776 0.497024 0.112103 0.079861
82 0.801587 0.423735 0.083333 0.033482
345 0.603340 0.348586 0.091601 0.076141
345 0.530093 0.349578 0.077381 0.071677
345 0.455853 0.339658 0.083003 0.088542
143 0.924107 0.194320 0.150463 0.053819
38 0.228671 0.600198 0.075066 0.106647
38 0.155919 0.599454 0.075066 0.106647
38 0.081184 0.596354 0.088955 0.108879
21 0.338790 0.591890 0.061839 0.100446
21 0.405093 0.612847 0.072751 0.091766
109 0.611442 0.606647 0.099868 0.067460
109 0.508929 0.627108 0.108466 0.070685
152 0.728836 0.635045 0.107143 0.073661
152 0.838955 0.635045 0.121032 0.073661
132 0.754464 0.713294 0.127976 0.057044
132 0.764550 0.773562 0.137566 0.073413
132 0.880952 0.760665 0.137566 0.074405
86 0.624173 0.751116 0.113426 0.074157
86 0.489253 0.762897 0.100860 0.072421
329 0.145668 0.720486 0.125331 0.096230
329 0.260747 0.717510 0.120040 0.088790
241 0.364583 0.741939 0.114087 0.094494
62 0.168651 0.858755 0.120370 0.102431
338 0.593089 0.867808 0.200728 0.069444
243 0.802745 0.899182 0.193452 0.071181
96 0.960813 0.931548 0.077712 0.051091
296 0.952877 0.641989 0.094246 0.071181
96 0.956680 0.871900 0.086640 0.064732
