204 0.107986 0.353385 0.070139 0.058854
73 0.168750 0.352344 0.069444 0.059896
265 0.254514 0.355208 0.064583 0.054167
217 0.314236 0.349479 0.070139 0.058333
52 0.821875 0.356250 0.081250 0.040625
52 0.886458 0.356250 0.070139 0.037500
233 0.894097 0.538021 0.061806 0.041667
233 0.836458 0.536979 0.060417 0.041667
233 0.834375 0.499740 0.061806 0.036979
233 0.779861 0.534896 0.051389 0.042708
250 0.728125 0.535937 0.075694 0.042708
250 0.679167 0.536979 0.045833 0.041667
250 0.630556 0.537760 0.045833 0.039062
250 0.630556 0.501823 0.045833 0.036979
303 0.230903 0.441146 0.053472 0.039583
345 0.182986 0.443229 0.061806 0.041667
236 0.155903 0.534896 0.060417 0.044792
236 0.222222 0.532813 0.051389 0.043750
207 0.278819 0.534896 0.057639 0.040625
207 0.338542 0.534896 0.052083 0.042708
12 0.401736 0.536979 0.061806 0.042708
12 0.461458 0.536719 0.056250 0.043229
109 0.541667 0.607292 0.061111 0.041667
109 0.605208 0.609115 0.060417 0.040104
188 0.443056 0.276302 0.045833 0.054688
188 0.486806 0.280208 0.043056 0.045833
188 0.490625 0.229948 0.046528 0.072396
307 0.533681 0.279167 0.045139 0.047917
307 0.543056 0.227344 0.045833 0.068229
307 0.587847 0.221354 0.049306 0.065625
307 0.584375 0.276562 0.047917 0.052083
239 0.725694 0.275260 0.044444 0.051562
239 0.777778 0.267969 0.051389 0.065104
239 0.828472 0.266927 0.056944 0.067187
345 0.886111 0.257552 0.105556 0.084896
204 0.121528 0.280469 0.068056 0.039062
73 0.130556 0.229948 0.063889 0.034896
284 0.193403 0.283333 0.067361 0.044792
280 0.262153 0.278125 0.042361 0.047917
280 0.301736 0.276302 0.045139 0.051562
280 0.346181 0.275260 0.047917 0.053646
333 0.767708 0.433073 0.071528 0.054688
296 0.671181 0.601823 0.060417 0.043229
296 0.672222 0.637240 0.063889 0.031771
296 0.732292 0.634635 0.067361 0.035937
86 0.726042 0.617448 0.054861 0.009896
296 0.724306 0.592187 0.056944 0.041667
271 0.651042 0.578385 0.021528 0.014063
349 0.807292 0.638021 0.075694 0.044792
349 0.859375 0.628906 0.061806 0.027604
349 0.859722 0.588021 0.061111 0.037500
349 0.806944 0.588802 0.048611 0.036979
271 0.717708 0.730208 0.065972 0.044792
271 0.777083 0.730208 0.068056 0.044792
8 0.864931 0.736719 0.085417 0.030729
8 0.864583 0.699479 0.086111 0.044792
96 0.782292 0.799740 0.067361 0.040104
96 0.779167 0.835417 0.058333 0.032292
33 0.862500 0.821615 0.104167 0.074479
208 0.935764 0.783594 0.063194 0.034896
208 0.953125 0.838021 0.082639 0.048958
243 0.674653 0.818490 0.124306 0.047396
243 0.672569 0.780729 0.115972 0.029167
246 0.572569 0.815104 0.072917 0.052083
246 0.501042 0.794531 0.070139 0.051562
338 0.384722 0.830469 0.144444 0.047396
338 0.388542 0.779427 0.140972 0.027604
62 0.160764 0.823698 0.089583 0.072396
62 0.244097 0.823698 0.086806 0.071354
329 0.262500 0.719271 0.084722 0.068750
329 0.337153 0.704948 0.064583 0.055729
329 0.199653 0.712760 0.065972 0.079687
86 0.408333 0.704688 0.079167 0.043750
86 0.486458 0.704167 0.078472 0.043750
84 0.476389 0.735677 0.056944 0.027604
86 0.418750 0.735677 0.052778 0.026562
132 0.570139 0.701042 0.076389 0.039583
132 0.569444 0.738802 0.073611 0.038021
132 0.640625 0.727083 0.070139 0.036458
132 0.641667 0.692187 0.070833 0.033333
84 0.430556 0.638802 0.147222 0.045312
84 0.430556 0.594531 0.148611 0.045312
38 0.129514 0.621094 0.052083 0.064062
38 0.209722 0.622656 0.052778 0.064062
