96 0.028125 0.897232 0.056250 0.067128
96 0.054948 0.966090 0.057813 0.059516
86 0.410417 0.829758 0.071875 0.077509
86 0.417708 0.900000 0.061458 0.078201
86 0.643229 0.934256 0.062500 0.088581
296 0.526302 0.674394 0.069271 0.086505
296 0.600260 0.674394 0.073438 0.089273
296 0.682552 0.676471 0.076563 0.080969
296 0.746875 0.679585 0.059375 0.080277
296 0.682292 0.758131 0.069792 0.072664
296 0.741927 0.764360 0.091146 0.078201
109 0.877604 0.780969 0.094792 0.100346
109 0.956771 0.707612 0.083333 0.115571
109 0.873698 0.689965 0.080729 0.088581
84 0.955208 0.908651 0.089583 0.110727
236 0.876563 0.580623 0.092708 0.096886
236 0.778906 0.573702 0.089063 0.095502
12 0.692969 0.570934 0.074479 0.088581
92 0.526042 0.540484 0.078125 0.095502
0 0.434375 0.534948 0.057292 0.121799
0 0.476302 0.533910 0.045312 0.064360
3 0.389323 0.532872 0.052604 0.127336
38 0.323958 0.529758 0.057292 0.123875
38 0.277083 0.534602 0.053125 0.114187
3 0.143490 0.526990 0.083854 0.108651
3 0.070052 0.525952 0.071354 0.102422
130 0.019531 0.570242 0.039062 0.182699
34 0.027083 0.799308 0.054167 0.146713
235 0.198958 0.847405 0.072917 0.114187
235 0.280990 0.855363 0.091146 0.155017
235 0.335938 0.857785 0.077083 0.136332
152 0.646354 0.272318 0.078125 0.096194
152 0.727604 0.270242 0.070833 0.097578
349 0.808594 0.265052 0.086979 0.091349
349 0.901042 0.259170 0.101042 0.098962
349 0.902083 0.343253 0.090625 0.074740
349 0.811198 0.344637 0.085938 0.071972
152 0.720573 0.356055 0.082812 0.083737
152 0.642448 0.358824 0.074479 0.080969
296 0.528125 0.742215 0.060417 0.069896
296 0.599219 0.747751 0.067187 0.072664
208 0.081250 0.851211 0.055208 0.058131
208 0.135677 0.858824 0.053646 0.062284
208 0.138281 0.797232 0.049479 0.074740
208 0.084896 0.792388 0.057292 0.073356
86 0.487500 0.857439 0.076042 0.071972
86 0.477344 0.919377 0.050521 0.062976
86 0.570312 0.867474 0.080208 0.083737
86 0.580990 0.938062 0.058854 0.074048
84 0.802083 0.893426 0.178125 0.114879
84 0.800260 0.964014 0.142187 0.071972
239 0.769010 0.065398 0.026562 0.103114
239 0.810417 0.059170 0.057292 0.112803
239 0.856510 0.060554 0.041146 0.097578
239 0.901302 0.055363 0.047396 0.099654
11 0.429948 0.080277 0.082812 0.159170
70 0.495312 0.105190 0.077083 0.110727
228 0.583854 0.098962 0.079167 0.123183
228 0.672656 0.096194 0.077604 0.128720
143 0.415104 0.359170 0.090625 0.080277
143 0.427083 0.303460 0.104167 0.058824
92 0.234896 0.360554 0.047917 0.052595
92 0.184375 0.360900 0.057292 0.051903
212 0.044271 0.303114 0.030208 0.027682
212 0.061719 0.362284 0.044271 0.051903
212 0.027083 0.364360 0.038542 0.047751
212 0.110417 0.372318 0.050000 0.059516
311 0.102344 0.179931 0.049479 0.049827
333 0.148177 0.154671 0.063021 0.101730
