271 0.187872 0.499339 0.057292 0.052910
271 0.236855 0.495040 0.052579 0.052249
271 0.233879 0.537368 0.032242 0.037698
271 0.201265 0.538360 0.033482 0.033730
132 0.293775 0.488261 0.055804 0.049272
132 0.345238 0.483796 0.054067 0.045635
132 0.393849 0.476521 0.048115 0.044974
132 0.395833 0.513062 0.050595 0.038029
132 0.347098 0.519511 0.048859 0.036376
132 0.296999 0.522652 0.058284 0.030754
132 0.439236 0.474372 0.044643 0.045304
132 0.438988 0.503638 0.044147 0.023148
349 0.476811 0.501984 0.030506 0.027116
349 0.477307 0.470734 0.033482 0.044643
349 0.505828 0.498843 0.028522 0.031415
349 0.506944 0.462302 0.026786 0.033730
349 0.530878 0.461971 0.024058 0.037698
349 0.547619 0.457837 0.014881 0.030093
349 0.547991 0.486276 0.013641 0.026124
349 0.532118 0.496528 0.024554 0.036706
246 0.367063 0.588459 0.048115 0.049272
246 0.319444 0.596396 0.056052 0.052579
246 0.266369 0.608631 0.054563 0.059854
246 0.368800 0.625331 0.044147 0.042328
246 0.328621 0.633267 0.038194 0.038360
246 0.263021 0.648313 0.039435 0.036706
338 0.350818 0.704861 0.091022 0.065807
338 0.351811 0.740079 0.071677 0.046296
84 0.438988 0.679398 0.078869 0.063161
84 0.441220 0.710317 0.056548 0.037698
84 0.515997 0.683697 0.050843 0.051257
84 0.505828 0.658399 0.055804 0.031085
296 0.530258 0.561012 0.037202 0.038690
296 0.496280 0.566634 0.033730 0.041336
209 0.496156 0.594742 0.033482 0.032077
86 0.458953 0.573578 0.042411 0.048611
86 0.458829 0.605820 0.040675 0.033730
86 0.417783 0.582672 0.044395 0.050926
86 0.417287 0.553902 0.042411 0.024471
86 0.417783 0.611111 0.043403 0.023810
86 0.457093 0.548942 0.039187 0.014550
209 0.529390 0.590278 0.032986 0.029762
38 0.557292 0.565642 0.014881 0.036706
38 0.571553 0.564484 0.017609 0.039021
38 0.585813 0.562500 0.017361 0.043651
3 0.611235 0.556548 0.030010 0.039683
3 0.639881 0.551918 0.039683 0.037698
3 0.668899 0.552910 0.031746 0.039683
316 0.706473 0.514385 0.038442 0.027447
316 0.705357 0.535218 0.032242 0.027447
316 0.702505 0.553075 0.031002 0.020172
143 0.731771 0.548776 0.031002 0.024802
143 0.734251 0.529762 0.030506 0.027116
143 0.735863 0.510747 0.027282 0.020172
8 0.691592 0.608300 0.028522 0.039352
8 0.717758 0.624504 0.028770 0.038690
96 0.749380 0.609458 0.026538 0.034392
96 0.735119 0.613426 0.024306 0.034392
33 0.571181 0.659722 0.031250 0.068783
33 0.599454 0.649967 0.039683 0.067130
33 0.623140 0.635417 0.030010 0.049934
33 0.656002 0.637235 0.039187 0.052910
8 0.691220 0.635251 0.030754 0.034392
8 0.712798 0.627480 0.017857 0.032077
296 0.589782 0.485615 0.026786 0.030754
296 0.612599 0.482970 0.030258 0.030093
296 0.661210 0.450397 0.031250 0.032407
296 0.642733 0.479993 0.020089 0.023479
296 0.662946 0.478009 0.023313 0.026124
243 0.765501 0.442791 0.049355 0.029762
243 0.771081 0.466435 0.037698 0.027447
109 0.740947 0.467593 0.017609 0.029762
109 0.724950 0.470238 0.021825 0.026455
109 0.724454 0.443618 0.023313 0.030093
152 0.701513 0.444610 0.031002 0.031415
152 0.686880 0.471396 0.020585 0.024802
152 0.705357 0.471396 0.018849 0.024802
12 0.629836 0.371858 0.021081 0.032077
12 0.658606 0.370370 0.035962 0.035714
236 0.683408 0.370701 0.021081 0.031085
12 0.661706 0.401290 0.021329 0.028108
12 0.635045 0.401124 0.027034 0.028439
236 0.679688 0.400463 0.019097 0.030423
236 0.700521 0.400298 0.019097 0.030093
183 0.713542 0.400959 0.010913 0.029431
207 0.723834 0.400959 0.020089 0.029431
207 0.738591 0.399802 0.023313 0.029762
226 0.759673 0.398975 0.019841 0.027447
207 0.751860 0.371693 0.017609 0.028439
207 0.737599 0.371693 0.019841 0.029101
109 0.719246 0.371528 0.020337 0.032077
66 0.777778 0.378142 0.032738 0.025463
66 0.800347 0.378142 0.018849 0.023479
66 0.790551 0.399967 0.045387 0.022817
244 0.513765 0.372354 0.035466 0.044312
244 0.545139 0.371858 0.028274 0.042659
52 0.565972 0.370866 0.015873 0.037368
52 0.575397 0.407738 0.032738 0.038360
52 0.604415 0.406746 0.027778 0.036376
244 0.544891 0.410714 0.029266 0.038360
244 0.513021 0.411706 0.035962 0.037037
158 0.460689 0.379630 0.027034 0.038360
158 0.483383 0.414352 0.018353 0.037698
158 0.461434 0.416667 0.027034 0.037037
158 0.437748 0.415509 0.021825 0.039352
233 0.415055 0.370866 0.023065 0.033399
233 0.387277 0.372189 0.031498 0.032738
233 0.415179 0.414352 0.021825 0.031085
233 0.390501 0.415509 0.030010 0.032738
233 0.364087 0.416667 0.026786 0.031746
233 0.364087 0.371032 0.021825 0.036376
158 0.339658 0.413525 0.015625 0.025463
158 0.331225 0.417659 0.019593 0.033730
250 0.307168 0.419147 0.033978 0.032738
250 0.276166 0.419808 0.033978 0.034061
82 0.239831 0.420304 0.037202 0.034392
82 0.203869 0.421792 0.040675 0.031415
82 0.178571 0.421131 0.036706 0.033399
21 0.153150 0.286045 0.043403 0.082011
39 0.188616 0.285714 0.040427 0.083333
39 0.221478 0.286706 0.038194 0.082011
21 0.255580 0.286872 0.038442 0.084325
21 0.285466 0.291667 0.033730 0.076058
39 0.314112 0.291501 0.035466 0.077050
239 0.344866 0.296131 0.030506 0.067791
239 0.369916 0.297950 0.029018 0.067460
239 0.394345 0.299438 0.026786 0.065807
188 0.238467 0.162698 0.037946 0.066138
188 0.270461 0.167989 0.035466 0.062169
188 0.301339 0.171627 0.034226 0.061508
307 0.332961 0.175926 0.031498 0.060185
307 0.360119 0.180721 0.028770 0.058532
307 0.384425 0.185847 0.023810 0.053571
68 0.411954 0.185847 0.029762 0.060185
68 0.434648 0.192295 0.024058 0.053902
311 0.465774 0.207507 0.035218 0.032077
333 0.496652 0.198247 0.035466 0.057209
5 0.546131 0.184689 0.065972 0.043981
5 0.546627 0.216601 0.062004 0.036376
294 0.601687 0.224041 0.049603 0.032077
5 0.653274 0.230655 0.055556 0.032077
5 0.701761 0.237930 0.043899 0.029431
5 0.698661 0.213459 0.042659 0.033399
212 0.510417 0.313988 0.020833 0.027447
212 0.530878 0.313988 0.021081 0.028770
345 0.555928 0.316964 0.024058 0.040013
345 0.577877 0.314649 0.021825 0.044643
345 0.598338 0.316468 0.020089 0.025794
345 0.614955 0.316634 0.019097 0.025463
92 0.642857 0.314319 0.032242 0.032077
92 0.668527 0.318618 0.023562 0.024140
92 0.682664 0.319114 0.019593 0.023148
