99 0.068519 0.121545 0.102963 0.148780
137 0.137037 0.094309 0.048889 0.087805
178 0.191111 0.153659 0.054815 0.084553
178 0.258889 0.158537 0.039259 0.084553
146 0.294444 0.156911 0.039259 0.082927
146 0.331852 0.160163 0.038519 0.076423
111 0.447407 0.166260 0.041481 0.070732
111 0.487037 0.172358 0.039259 0.058537
111 0.581852 0.167886 0.042222 0.070732
111 0.622222 0.170325 0.038519 0.067480
111 0.660741 0.170732 0.040000 0.071545
142 0.633704 0.321545 0.042222 0.065854
222 0.680741 0.319919 0.042963 0.064228
192 0.732593 0.324797 0.048889 0.069106
1 0.767037 0.284959 0.037778 0.047967
1 0.807037 0.336585 0.039259 0.052033
225 0.557778 0.449593 0.040000 0.071545
103 0.522593 0.444715 0.042222 0.082927
340 0.467037 0.437398 0.054074 0.100813
340 0.404815 0.437398 0.061481 0.100813
341 0.346296 0.445122 0.061481 0.093496
341 0.290000 0.437398 0.055556 0.100813
219 0.228519 0.440650 0.061481 0.110569
219 0.179630 0.443496 0.052593 0.108130
151 0.125556 0.445122 0.061481 0.116260
151 0.072222 0.445122 0.057037 0.119512
171 0.132963 0.722358 0.061481 0.093496
171 0.205556 0.713415 0.055556 0.093496
63 0.254444 0.713415 0.054074 0.093496
63 0.300741 0.710163 0.048889 0.096748
63 0.347407 0.707317 0.045926 0.087805
49 0.394444 0.698374 0.042222 0.084553
49 0.433704 0.693496 0.040741 0.082927
49 0.476667 0.691870 0.042222 0.082927
304 0.533704 0.675203 0.052593 0.065854
309 0.597407 0.679675 0.060000 0.053659
287 0.660741 0.673577 0.063704 0.060976
46 0.723333 0.679675 0.060000 0.053659
56 0.808889 0.739024 0.048889 0.066667
56 0.853704 0.732927 0.055556 0.060976
28 0.853333 0.542683 0.048889 0.091870
45 0.807778 0.544309 0.060000 0.088618
174 0.750370 0.556504 0.060741 0.070732
355 0.660000 0.565447 0.048889 0.070732
334 0.624444 0.565447 0.040000 0.065854
177 0.587037 0.567073 0.042222 0.070732
320 0.541111 0.573171 0.048148 0.066667
100 0.479630 0.579268 0.039259 0.096748
100 0.433704 0.574390 0.054074 0.088618
100 0.378889 0.577642 0.054074 0.100000
100 0.320370 0.577642 0.055556 0.096748
304 0.256667 0.578862 0.054074 0.107317
304 0.209630 0.579268 0.045926 0.100000
347 0.161111 0.580488 0.052593 0.104065
141 0.105556 0.586992 0.055556 0.104065
304 0.328519 0.810976 0.055556 0.075610
304 0.394444 0.815447 0.074815 0.076423
304 0.441111 0.800407 0.048148 0.077236
100 0.441111 0.871951 0.045185 0.056098
100 0.395556 0.894715 0.045926 0.067480
100 0.358889 0.897561 0.037778 0.058537
100 0.320370 0.900813 0.042222 0.071545
272 0.482963 0.874797 0.040000 0.107317
272 0.523333 0.874797 0.042222 0.092683
282 0.570000 0.883740 0.060000 0.082927
282 0.627778 0.874797 0.058519 0.091057
355 0.680370 0.839837 0.052593 0.074797
355 0.737037 0.853659 0.060741 0.086179
298 0.781852 0.853252 0.039259 0.077236
298 0.817407 0.853659 0.039259 0.074797
247 0.530370 0.762195 0.048889 0.060976
247 0.567037 0.761789 0.054074 0.065041
259 0.614074 0.762195 0.040000 0.056098
32 0.726667 0.748374 0.048889 0.057724
32 0.762963 0.748374 0.042963 0.057724
292 0.137778 0.161382 0.051852 0.062602
106 0.401481 0.160163 0.037037 0.068293
111 0.537778 0.166260 0.048889 0.070732
173 0.824444 0.665041 0.059259 0.037398
173 0.828519 0.632520 0.051111 0.035772
87 0.778148 0.638211 0.054074 0.034146
87 0.776296 0.669512 0.042963 0.033333
171 0.145926 0.915041 0.032593 0.056098
171 0.181111 0.913415 0.049630 0.060976
171 0.223333 0.910569 0.040741 0.061789
171 0.254074 0.908130 0.028148 0.061789
189 0.846296 0.397561 0.065926 0.040650
189 0.847778 0.434146 0.062963 0.035772
189 0.847407 0.465447 0.062222 0.031707
355 0.784074 0.434959 0.057037 0.037398
355 0.781481 0.468293 0.060741 0.029268
24 0.638889 0.464634 0.043704 0.041463
24 0.639259 0.419919 0.045926 0.049593
20 0.682593 0.419106 0.043704 0.049593
20 0.681481 0.464634 0.045926 0.041463
89 0.724444 0.462195 0.044444 0.043089
89 0.725556 0.416667 0.043704 0.047967
196 0.588519 0.324797 0.042222 0.072358
210 0.543333 0.323577 0.043704 0.074797
126 0.367778 0.271138 0.065926 0.069106
126 0.368889 0.334146 0.063704 0.058537
19 0.440000 0.333740 0.060741 0.057724
19 0.443333 0.270732 0.060000 0.068293
339 0.225185 0.282114 0.078519 0.060163
25 0.296667 0.281301 0.073333 0.060163
25 0.297778 0.337398 0.072593 0.052033
339 0.225185 0.337805 0.075556 0.052846
344 0.065185 0.279268 0.082963 0.065854
344 0.072222 0.337805 0.080741 0.054472
200 0.147778 0.335772 0.080741 0.058537
106 0.367037 0.152846 0.034815 0.089431
184 0.703704 0.569106 0.034074 0.066667
32 0.688519 0.758943 0.036296 0.060976
259 0.652593 0.761789 0.034074 0.058537
