30 0.046625 0.191833 0.066250 0.125000
156 0.091625 0.181000 0.064250 0.126667
30 0.127750 0.169333 0.074000 0.134000
29 0.185250 0.155667 0.091000 0.152000
29 0.285875 0.133167 0.104250 0.162333
130 0.357250 0.117500 0.079000 0.169000
75 0.478250 0.102833 0.082000 0.162333
75 0.551625 0.084333 0.084250 0.168667
75 0.632500 0.075500 0.087500 0.151000
194 0.746875 0.066833 0.101750 0.132333
194 0.849375 0.057000 0.106250 0.114000
194 0.954875 0.045333 0.089750 0.090667
315 0.954000 0.313833 0.091000 0.155000
315 0.870875 0.314833 0.091750 0.155000
78 0.784000 0.313833 0.087500 0.155000
78 0.702000 0.322667 0.082000 0.144000
117 0.628750 0.326667 0.082000 0.141333
117 0.564250 0.329500 0.072000 0.134333
305 0.505625 0.333500 0.064250 0.125000
305 0.452875 0.335333 0.066250 0.120667
305 0.408000 0.337333 0.061500 0.114667
47 0.357250 0.337333 0.061500 0.113333
47 0.314250 0.339167 0.061500 0.108333
50 0.259500 0.335333 0.079000 0.118000
330 0.193250 0.341167 0.055500 0.108333
330 0.147250 0.344167 0.055500 0.105000
53 0.113000 0.344167 0.047500 0.100333
53 0.070000 0.344167 0.074000 0.105000
34 0.107250 0.477000 0.072000 0.122667
34 0.157000 0.478833 0.061500 0.122333
34 0.196125 0.480833 0.058250 0.128333
187 0.237125 0.491500 0.064250 0.125000
187 0.286875 0.495500 0.072250 0.134333
223 0.340625 0.508167 0.061250 0.134333
223 0.388375 0.520833 0.064250 0.125000
164 0.452875 0.516000 0.069250 0.141333
164 0.501750 0.524833 0.069500 0.146333
260 0.575000 0.466167 0.049500 0.107667
260 0.616000 0.472167 0.061500 0.108333
61 0.676625 0.471000 0.064250 0.119333
61 0.736125 0.473000 0.058250 0.118000
201 0.790750 0.478833 0.072000 0.125000
201 0.861125 0.480833 0.075750 0.134333
261 0.952000 0.485667 0.087500 0.141333
85 0.875750 0.969167 0.087000 0.061667
85 0.790750 0.973667 0.087500 0.052667
7 0.717625 0.937500 0.099750 0.125000
7 0.636500 0.923333 0.080500 0.153333
35 0.569125 0.907500 0.066250 0.134333
205 0.430500 0.845167 0.087500 0.137667
23 0.347500 0.854000 0.082000 0.146000
23 0.298625 0.837333 0.061250 0.128000
23 0.253750 0.822667 0.061500 0.122667
218 0.207875 0.790500 0.058250 0.137667
218 0.165000 0.781000 0.058500 0.122667
342 0.165750 0.645833 0.052500 0.105667
342 0.203875 0.648833 0.058250 0.125667
97 0.246875 0.655667 0.058250 0.128000
181 0.292750 0.670333 0.058500 0.134000
181 0.335750 0.683000 0.058500 0.136000
181 0.388500 0.695667 0.066500 0.146000
181 0.448000 0.714333 0.072000 0.141333
97 0.517375 0.720167 0.082250 0.160333
214 0.667750 0.786500 0.061500 0.134333
214 0.726375 0.798167 0.066250 0.137667
35 0.503500 0.924167 0.073500 0.139667
186 0.878250 0.829500 0.055500 0.079000
186 0.933125 0.843667 0.058750 0.086000
186 0.930125 0.894167 0.048250 0.066333
186 0.877875 0.873667 0.054750 0.077333
108 0.589750 0.610333 0.062000 0.125333
108 0.646375 0.623333 0.081750 0.124000
15 0.733125 0.626500 0.081750 0.139000
15 0.798250 0.632000 0.084000 0.152000
268 0.869500 0.646667 0.065500 0.077333
268 0.867750 0.700167 0.056500 0.062333
268 0.939000 0.706833 0.057000 0.076333
268 0.946375 0.660500 0.065250 0.081667
