133 0.021242 0.924265 0.042484 0.114216
171 0.060458 0.915441 0.074510 0.093627
171 0.124837 0.926103 0.081699 0.107598
63 0.200980 0.931005 0.081699 0.086029
63 0.260458 0.927206 0.081699 0.095098
63 0.330882 0.918260 0.078758 0.096324
172 0.404248 0.915319 0.095425 0.088971
266 0.814379 0.686887 0.077124 0.082598
169 0.794771 0.789461 0.081699 0.065196
169 0.699020 0.792402 0.081699 0.065196
136 0.632680 0.788480 0.056863 0.068627
136 0.576961 0.794363 0.061111 0.069608
136 0.526144 0.793382 0.060784 0.069608
266 0.684477 0.689828 0.073529 0.080637
266 0.747876 0.687868 0.068954 0.079167
189 0.614052 0.591176 0.101961 0.044608
27 0.612092 0.553064 0.108497 0.038480
24 0.607190 0.457353 0.104575 0.057353
355 0.672712 0.455392 0.076797 0.057353
24 0.751797 0.454412 0.076797 0.054412
24 0.823039 0.451593 0.083333 0.057108
215 0.876797 0.211275 0.083007 0.057353
215 0.794771 0.213358 0.087582 0.056127
165 0.794771 0.165441 0.086928 0.041176
173 0.405065 0.223897 0.124510 0.044363
174 0.283170 0.224020 0.129739 0.046078
309 0.283170 0.299265 0.120588 0.046078
309 0.286928 0.343137 0.120915 0.044118
309 0.381699 0.349020 0.147059 0.037255
309 0.381699 0.299265 0.147059 0.046078
89 0.494935 0.334314 0.099673 0.054412
297 0.500817 0.424265 0.109477 0.046078
297 0.499837 0.463235 0.115359 0.044608
46 0.388562 0.468137 0.104575 0.038725
46 0.384641 0.427206 0.115033 0.044608
46 0.276144 0.430147 0.103922 0.044608
46 0.276307 0.468137 0.111438 0.038725
27 0.286111 0.534559 0.110784 0.036275
27 0.285948 0.588235 0.108497 0.057353
89 0.577941 0.334314 0.074837 0.054412
320 0.189216 0.584314 0.104575 0.069608
320 0.097386 0.592157 0.104575 0.062745
178 0.021405 0.572672 0.042810 0.098775
137 0.075000 0.455392 0.070261 0.067157
137 0.132680 0.455515 0.073856 0.062990
137 0.189379 0.454412 0.061111 0.065196
64 0.145425 0.343137 0.094771 0.083333
64 0.060294 0.341299 0.119935 0.085539
200 0.035948 0.233701 0.071895 0.071814
225 0.043301 0.081740 0.085948 0.085539
1 0.132680 0.094118 0.073856 0.057353
1 0.185458 0.094118 0.065686 0.061275
355 0.139542 0.700980 0.077124 0.065686
355 0.066503 0.707598 0.068954 0.080392
63 0.792810 0.932721 0.109150 0.075735
282 0.697059 0.940686 0.086275 0.067157
282 0.601471 0.943137 0.097712 0.059314
172 0.497386 0.930637 0.087582 0.085784
298 0.465523 0.796078 0.054575 0.087255
298 0.405065 0.789216 0.063725 0.085784
298 0.338725 0.789583 0.070915 0.087990
298 0.273693 0.791789 0.056536 0.077206
56 0.210294 0.697917 0.078105 0.084069
56 0.279739 0.694485 0.066667 0.086520
259 0.547549 0.700245 0.061765 0.068627
259 0.617647 0.697549 0.069935 0.063235
56 0.346895 0.695588 0.056536 0.087255
32 0.418137 0.703186 0.070915 0.079412
32 0.479085 0.699387 0.060784 0.071814
355 0.392320 0.595466 0.093791 0.037010
355 0.385948 0.559436 0.089542 0.042402
355 0.495915 0.595221 0.100980 0.030147
355 0.488725 0.559559 0.113399 0.036275
355 0.489052 0.515809 0.097712 0.035539
122 0.803758 0.552819 0.108170 0.038480
122 0.808333 0.589338 0.099020 0.027696
122 0.719608 0.588848 0.096732 0.031618
200 0.139216 0.233824 0.123529 0.065686
334 0.716993 0.201838 0.062745 0.085049
334 0.648039 0.202941 0.062745 0.084314
177 0.507190 0.200000 0.069935 0.095098
337 0.576797 0.203309 0.073203 0.087990
37 0.838399 0.318995 0.061111 0.068382
37 0.780882 0.319730 0.061765 0.068873
87 0.715686 0.321691 0.062745 0.068873
87 0.653268 0.322426 0.058824 0.068873
339 0.026307 0.805392 0.050000 0.060294
339 0.096405 0.805515 0.103268 0.057108
339 0.187745 0.798897 0.099020 0.068873
