225 0.053199 0.174603 0.057788 0.106481
304 0.105035 0.177414 0.061756 0.104167
304 0.152778 0.184358 0.047123 0.088294
200 0.199653 0.208664 0.047123 0.049603
200 0.252480 0.164848 0.058036 0.058532
200 0.252480 0.211475 0.053075 0.043320
225 0.292535 0.201885 0.037946 0.063823
225 0.324777 0.201885 0.037946 0.065807
347 0.375496 0.188161 0.047123 0.097222
347 0.420387 0.180225 0.047123 0.114418
340 0.462426 0.184358 0.046875 0.110780
103 0.611731 0.207672 0.036458 0.066138
103 0.639633 0.206019 0.030258 0.062831
16 0.615823 0.298611 0.047123 0.054894
16 0.614707 0.344411 0.035466 0.047288
281 0.575645 0.346396 0.038690 0.046627
71 0.535714 0.347388 0.040675 0.049934
71 0.493676 0.346396 0.038442 0.049934
71 0.453621 0.345403 0.037698 0.049934
198 0.429191 0.459656 0.046875 0.061508
171 0.387153 0.454861 0.050595 0.075728
348 0.331473 0.449901 0.044891 0.084987
348 0.298363 0.454861 0.037698 0.077712
347 0.254464 0.446925 0.040675 0.086971
347 0.219246 0.446925 0.035714 0.093585
219 0.181176 0.447090 0.040427 0.091931
219 0.146081 0.447090 0.039683 0.091931
304 0.105903 0.446925 0.044147 0.093585
272 0.066964 0.444940 0.040179 0.093585
141 0.073785 0.567956 0.035466 0.101521
141 0.111855 0.569940 0.040179 0.096892
141 0.153770 0.571925 0.038194 0.093585
304 0.184028 0.570933 0.036210 0.093585
304 0.216394 0.568122 0.035962 0.093915
304 0.254464 0.569940 0.037202 0.093585
160 0.294519 0.570106 0.035962 0.091931
63 0.334573 0.567956 0.040179 0.088294
292 0.368552 0.588955 0.021329 0.046958
292 0.391989 0.584491 0.027530 0.055225
111 0.419395 0.578869 0.030754 0.065807
111 0.446677 0.580853 0.031746 0.060516
325 0.477059 0.578208 0.030506 0.064484
146 0.502356 0.576885 0.027530 0.067130
146 0.530754 0.571925 0.029762 0.076389
178 0.560020 0.569940 0.031746 0.077712
306 0.590278 0.567130 0.037698 0.087302
306 0.620660 0.567956 0.030506 0.077712
259 0.649926 0.565146 0.034970 0.072090
259 0.681176 0.568122 0.034970 0.062831
32 0.712426 0.567130 0.031498 0.060185
32 0.743676 0.566964 0.034970 0.058532
259 0.779762 0.562169 0.037698 0.074074
56 0.813988 0.561177 0.037698 0.072090
320 0.848214 0.572917 0.036210 0.058532
320 0.879340 0.573909 0.034970 0.054563
298 0.867684 0.659888 0.037946 0.070437
298 0.837302 0.659888 0.031746 0.070437
136 0.802207 0.662698 0.045387 0.064153
266 0.762153 0.665675 0.037698 0.063492
266 0.730903 0.664683 0.037698 0.066138
169 0.693948 0.668651 0.038194 0.063492
169 0.655754 0.668651 0.044147 0.063492
40 0.657614 0.740906 0.054812 0.055886
40 0.697793 0.754464 0.035466 0.070437
298 0.865699 0.835648 0.055804 0.121693
171 0.562996 0.863922 0.038194 0.084987
171 0.536582 0.867725 0.033978 0.079365
171 0.503472 0.866898 0.030258 0.072421
100 0.471106 0.863922 0.030506 0.065807
100 0.437004 0.866898 0.031746 0.063161
100 0.403770 0.866898 0.030258 0.063161
100 0.375496 0.866898 0.030258 0.067130
100 0.339410 0.867890 0.028026 0.067130
100 0.303199 0.871693 0.027530 0.067460
100 0.272941 0.872851 0.031498 0.070437
100 0.240823 0.874835 0.031746 0.070437
100 0.184028 0.876488 0.042659 0.070437
100 0.137153 0.878638 0.039683 0.066138
100 0.096230 0.885417 0.037698 0.070437
100 0.098214 0.794478 0.042659 0.070437
100 0.136161 0.792659 0.042659 0.070767
100 0.179191 0.792659 0.037946 0.066138
100 0.232887 0.790675 0.034226 0.068122
100 0.263145 0.794643 0.032738 0.067460
100 0.297371 0.790675 0.032738 0.067460
100 0.324777 0.787698 0.030506 0.067460
100 0.381324 0.789683 0.032490 0.067460
100 0.412574 0.789683 0.032490 0.063492
100 0.439856 0.789683 0.030506 0.060185
100 0.473090 0.789683 0.028522 0.063492
100 0.473090 0.702877 0.033482 0.077712
100 0.437996 0.696098 0.033234 0.082011
100 0.406746 0.695933 0.032738 0.077712
100 0.372520 0.696098 0.032738 0.082011
100 0.332589 0.693948 0.031746 0.070437
100 0.298363 0.693948 0.032738 0.076389
100 0.265129 0.695933 0.033234 0.076389
100 0.231895 0.699901 0.033234 0.076389
100 0.186012 0.697917 0.031746 0.077712
100 0.136285 0.697917 0.033482 0.081680
100 0.103919 0.693948 0.037698 0.084987
100 0.158606 0.694114 0.033482 0.079365
171 0.514137 0.698578 0.034226 0.083664
171 0.539062 0.699901 0.024554 0.079034
160 0.560764 0.681217 0.026290 0.082011
171 0.594990 0.701389 0.029762 0.082011
171 0.592014 0.778935 0.022817 0.066468
171 0.561508 0.780754 0.030258 0.068783
171 0.533730 0.782573 0.017361 0.071098
171 0.513145 0.786706 0.034226 0.072751
27 0.888021 0.484788 0.039435 0.044312
27 0.839410 0.483466 0.052331 0.054233
89 0.798983 0.468089 0.052827 0.032738
189 0.796007 0.500496 0.041915 0.034061
89 0.753720 0.467262 0.050595 0.031085
27 0.752852 0.495866 0.046379 0.029431
215 0.710193 0.491733 0.035466 0.044312
89 0.661830 0.493882 0.048859 0.038029
1 0.622396 0.478009 0.029018 0.051257
222 0.593378 0.468419 0.028026 0.056548
222 0.557540 0.464947 0.030258 0.058862
196 0.527034 0.464616 0.027282 0.062831
196 0.498016 0.462136 0.030754 0.061177
210 0.470610 0.459160 0.028026 0.073743
31 0.362599 0.331515 0.054563 0.083003
151 0.270709 0.316799 0.028522 0.095238
151 0.234995 0.317130 0.031498 0.091270
151 0.199653 0.317956 0.026786 0.092923
49 0.168155 0.311839 0.030258 0.099206
49 0.127976 0.314319 0.027282 0.088955
49 0.093006 0.315972 0.023810 0.087632
49 0.058780 0.312996 0.027282 0.096892
37 0.669519 0.301091 0.038442 0.065146
37 0.696181 0.304067 0.019841 0.057209
112 0.716146 0.307044 0.021577 0.060516
24 0.753472 0.312831 0.037202 0.048942
334 0.785094 0.304233 0.028522 0.064153
334 0.812996 0.306713 0.023810 0.061177
173 0.849826 0.319114 0.045387 0.035053
173 0.902282 0.320271 0.054067 0.037368
184 0.863715 0.401951 0.024554 0.073743
184 0.887897 0.403604 0.022817 0.061839
184 0.913814 0.403274 0.018105 0.061177
339 0.311136 0.299438 0.044891 0.057209
339 0.311384 0.346892 0.042907 0.041005
19 0.538442 0.294643 0.041667 0.052249
40 0.703373 0.853009 0.023810 0.059854
40 0.678695 0.861607 0.025050 0.067130
171 0.592882 0.861938 0.016617 0.074405
292 0.366815 0.536376 0.023313 0.053571
292 0.396205 0.527612 0.019593 0.056548
174 0.674975 0.381779 0.053323 0.036706
174 0.674603 0.412698 0.057044 0.035053
309 0.728919 0.378803 0.049107 0.039352
309 0.730283 0.416501 0.048363 0.039352
297 0.781002 0.382110 0.051587 0.036045
297 0.780134 0.416171 0.048363 0.033399
46 0.824529 0.382937 0.040427 0.034392
46 0.827505 0.418981 0.047371 0.031085
40 0.663070 0.791667 0.041915 0.038360
40 0.649058 0.857970 0.028274 0.063823
