38 0.027309 0.121000 0.054618 0.100500
38 0.073046 0.094625 0.123002 0.136250
38 0.163854 0.085750 0.122558 0.141000
207 0.067274 0.478375 0.133659 0.068250
207 0.104130 0.537000 0.147869 0.059000
207 0.199156 0.503875 0.191385 0.125750
207 0.228242 0.535000 0.141208 0.062000
296 0.341474 0.526250 0.118117 0.075500
345 0.440275 0.520375 0.110568 0.082750
92 0.539742 0.516375 0.110568 0.087250
92 0.643428 0.518500 0.118117 0.080500
66 0.805284 0.514500 0.225133 0.084500
181 0.965586 0.524375 0.067052 0.171750
21 0.736234 0.646375 0.122558 0.115750
21 0.645204 0.645375 0.111901 0.114250
21 0.562389 0.643375 0.105240 0.108250
21 0.480240 0.641500 0.102575 0.108500
21 0.402087 0.643375 0.115897 0.101250
271 0.062389 0.758625 0.123890 0.062250
243 0.153197 0.897375 0.200710 0.109250
246 0.324156 0.918875 0.141208 0.079750
246 0.468472 0.950000 0.174067 0.056500
246 0.602353 0.949125 0.154085 0.076250
132 0.047513 0.615250 0.095027 0.064500
349 0.142762 0.612875 0.145204 0.063250
349 0.270204 0.613125 0.156750 0.064250
349 0.170515 0.666125 0.134991 0.048750
132 0.058615 0.659750 0.117229 0.057500
349 0.287078 0.662375 0.141652 0.061250
21 0.848801 0.649375 0.106128 0.113750
86 0.356350 0.740375 0.166519 0.051750
86 0.382993 0.784750 0.157638 0.050000
86 0.531750 0.794500 0.170071 0.049000
86 0.513766 0.745125 0.185613 0.061250
11 0.762655 0.924250 0.147869 0.146000
11 0.899645 0.926625 0.166963 0.145250
73 0.464476 0.219750 0.151865 0.104000
73 0.330151 0.233625 0.162966 0.103250
265 0.180284 0.244250 0.161634 0.089500
204 0.630995 0.200625 0.174956 0.115250
204 0.794405 0.181250 0.179396 0.123500
150 0.281750 0.083875 0.143428 0.119250
150 0.429618 0.059250 0.179840 0.118500
150 0.593472 0.051750 0.183393 0.103500
150 0.779307 0.040250 0.191829 0.080500
