92 0.124876 0.549603 0.045883 0.054233
345 0.156126 0.549769 0.036954 0.056548
345 0.183408 0.551587 0.042907 0.057540
296 0.237103 0.551587 0.053571 0.054233
296 0.293775 0.551587 0.050843 0.056217
209 0.338666 0.552579 0.057788 0.057540
3 0.390501 0.547784 0.056796 0.073082
296 0.355283 0.498843 0.045883 0.039352
236 0.292783 0.441303 0.043403 0.049272
236 0.333829 0.440311 0.042659 0.051918
207 0.380704 0.442295 0.040675 0.049272
207 0.380828 0.396329 0.045883 0.052579
207 0.426711 0.395337 0.045883 0.053241
207 0.428571 0.446098 0.040675 0.046958
250 0.468626 0.444114 0.034474 0.045635
250 0.503720 0.445106 0.034226 0.048280
233 0.536954 0.444279 0.033730 0.053241
233 0.564236 0.445106 0.030258 0.054233
316 0.608259 0.451058 0.061756 0.041667
38 0.619048 0.547619 0.036706 0.072751
38 0.576017 0.547619 0.036954 0.074735
21 0.539931 0.545635 0.038194 0.074074
21 0.494916 0.540840 0.034970 0.079034
21 0.443328 0.542824 0.036954 0.076389
21 0.478299 0.543651 0.039435 0.074074
21 0.511657 0.542824 0.031746 0.074405
239 0.209573 0.156085 0.037698 0.076058
239 0.232515 0.167328 0.013145 0.053571
239 0.254960 0.166336 0.035218 0.058201
307 0.312996 0.177414 0.029266 0.041997
307 0.339038 0.177579 0.026290 0.044312
307 0.365575 0.177414 0.033730 0.057870
217 0.156994 0.157242 0.043155 0.047950
265 0.127356 0.163525 0.023065 0.030093
265 0.066716 0.150463 0.060516 0.052249
73 0.096230 0.300761 0.043651 0.061839
73 0.134301 0.298115 0.037450 0.043981
204 0.172123 0.298611 0.047123 0.047619
204 0.186508 0.250496 0.047619 0.054563
284 0.222966 0.300761 0.059524 0.047288
284 0.268353 0.313823 0.057044 0.050926
52 0.476562 0.189153 0.047867 0.046958
52 0.477431 0.144841 0.048115 0.058201
244 0.527158 0.191799 0.049355 0.047619
333 0.577877 0.184028 0.045635 0.067791
333 0.621528 0.185516 0.045635 0.070106
329 0.159102 0.665509 0.062748 0.084987
329 0.217634 0.667659 0.068204 0.079365
109 0.258061 0.695767 0.049851 0.049603
109 0.301091 0.695767 0.044643 0.050926
86 0.409474 0.643519 0.054563 0.050926
86 0.460193 0.637566 0.047371 0.047619
86 0.507937 0.653108 0.051091 0.055556
86 0.509425 0.699735 0.047619 0.039683
86 0.460813 0.694279 0.049603 0.051257
86 0.461186 0.665344 0.043899 0.009921
84 0.383185 0.692460 0.105655 0.050265
86 0.356647 0.643353 0.053571 0.052579
21 0.541047 0.640542 0.004712 0.046296
349 0.560020 0.640377 0.036706 0.045966
349 0.559524 0.687831 0.037698 0.050926
349 0.597594 0.687500 0.043403 0.050265
349 0.598462 0.640542 0.038194 0.046296
271 0.637773 0.641038 0.042907 0.047288
271 0.639633 0.690146 0.045139 0.052910
271 0.678695 0.687004 0.043403 0.049272
96 0.732019 0.694444 0.050347 0.052910
62 0.268973 0.818122 0.058780 0.111111
62 0.323289 0.808862 0.062252 0.100529
338 0.399802 0.840608 0.105655 0.060847
338 0.401538 0.782077 0.102183 0.054894
246 0.478051 0.828869 0.050843 0.035384
246 0.530506 0.849702 0.050595 0.036045
132 0.576141 0.803406 0.046627 0.050595
132 0.631820 0.838955 0.057788 0.056217
208 0.679439 0.841104 0.045387 0.051257
8 0.719990 0.791501 0.061012 0.065146
8 0.719866 0.833995 0.057788 0.052910
33 0.761905 0.800099 0.060516 0.082341
33 0.809772 0.801753 0.053571 0.084325
117 0.668031 0.345238 0.041915 0.081349
117 0.718006 0.346561 0.043651 0.085979
305 0.764137 0.345073 0.038690 0.094246
305 0.796131 0.346726 0.033730 0.087632
223 0.844494 0.349868 0.059524 0.089286
75 0.947049 0.505787 0.048363 0.088294
75 0.892361 0.505787 0.052083 0.091601
170 0.819444 0.452546 0.031250 0.067130
170 0.785962 0.451554 0.033234 0.063823
170 0.748760 0.453869 0.036210 0.053241
261 0.712922 0.444610 0.034474 0.064484
261 0.677331 0.445437 0.039187 0.066138
315 0.660962 0.553075 0.036210 0.067130
315 0.701761 0.555556 0.040427 0.068783
59 0.737103 0.556052 0.036210 0.063161
36 0.781746 0.546131 0.028274 0.059854
36 0.818204 0.556878 0.041171 0.066138
36 0.857887 0.556878 0.031250 0.066138
328 0.941964 0.634590 0.035714 0.085979
14 0.974330 0.638062 0.034474 0.084325
85 0.898562 0.795966 0.085317 0.076058
85 0.868428 0.804729 0.063244 0.087632
7 0.951017 0.812500 0.089534 0.093254
7 0.970238 0.795635 0.057044 0.078704
235 0.845486 0.690146 0.059028 0.082672
268 0.726438 0.180390 0.028274 0.046627
268 0.724454 0.213790 0.030754 0.033399
268 0.755208 0.215443 0.025794 0.036706
268 0.758929 0.179233 0.035714 0.041005
