270 0.118056 0.252811 0.077381 0.120040
270 0.197173 0.261574 0.060516 0.099868
239 0.227431 0.269345 0.037698 0.080357
239 0.262525 0.279101 0.029018 0.062169
239 0.288938 0.281085 0.028770 0.060185
280 0.430432 0.283896 0.024554 0.053241
280 0.457837 0.285053 0.026290 0.054233
280 0.487227 0.285053 0.029018 0.055556
52 0.578001 0.240906 0.051835 0.063823
52 0.586806 0.282903 0.056052 0.056548
244 0.624876 0.285053 0.053323 0.051587
207 0.699033 0.453869 0.051835 0.051257
12 0.655134 0.453869 0.045883 0.051257
12 0.605283 0.451058 0.045883 0.048280
12 0.562376 0.449074 0.039931 0.052910
70 0.520337 0.441303 0.039683 0.056548
70 0.481399 0.439319 0.039187 0.056548
228 0.443204 0.438327 0.039683 0.056548
228 0.403274 0.437335 0.039683 0.056548
73 0.347594 0.440311 0.038442 0.049272
73 0.312376 0.440311 0.033978 0.049272
73 0.272321 0.439319 0.040179 0.049272
73 0.223586 0.437335 0.036458 0.048611
284 0.183408 0.435351 0.036458 0.049272
284 0.141493 0.435351 0.033978 0.047288
284 0.107267 0.435351 0.031002 0.045966
265 0.111607 0.364087 0.038194 0.045635
157 0.161954 0.364418 0.037698 0.045635
157 0.199529 0.364583 0.033482 0.046627
217 0.238839 0.364418 0.038690 0.048942
217 0.275422 0.366237 0.032490 0.046627
217 0.308532 0.365906 0.036706 0.047950
217 0.344866 0.367229 0.035962 0.049272
204 0.383805 0.367725 0.037450 0.049603
204 0.424603 0.367725 0.037698 0.049603
204 0.461558 0.367725 0.037698 0.051587
204 0.498388 0.368386 0.037450 0.051587
264 0.538194 0.369213 0.037698 0.049934
92 0.563740 0.523975 0.026786 0.046627
92 0.593502 0.520172 0.027282 0.039683
92 0.621652 0.521329 0.030010 0.039352
92 0.655134 0.525132 0.036458 0.052910
303 0.683408 0.528935 0.026042 0.046627
303 0.709697 0.529266 0.031498 0.049272
303 0.742312 0.531581 0.033234 0.047950
333 0.788442 0.283730 0.050099 0.064153
333 0.833333 0.284061 0.051587 0.065476
333 0.877480 0.284722 0.046131 0.065476
207 0.747892 0.456680 0.046875 0.048280
236 0.794643 0.458003 0.045139 0.048280
236 0.840774 0.460317 0.052083 0.048280
233 0.809524 0.682870 0.039187 0.059524
233 0.770213 0.680060 0.038938 0.057870
250 0.736607 0.677910 0.033730 0.057540
250 0.700521 0.676918 0.041915 0.053571
250 0.698165 0.643519 0.033234 0.041667
250 0.726935 0.636574 0.025298 0.023810
82 0.666295 0.674438 0.032490 0.053902
82 0.636161 0.672784 0.033234 0.052579
39 0.394717 0.644511 0.029514 0.074735
39 0.416791 0.647321 0.016617 0.071759
39 0.436136 0.650463 0.028522 0.076720
243 0.497272 0.664352 0.078869 0.051587
243 0.500496 0.627149 0.073909 0.032077
243 0.577257 0.631944 0.077133 0.034392
243 0.577257 0.666667 0.080605 0.052249
143 0.527034 0.584491 0.066468 0.041336
143 0.593130 0.588790 0.064732 0.041997
212 0.394221 0.514385 0.024058 0.032077
92 0.419395 0.514054 0.028770 0.035384
303 0.449405 0.512897 0.030754 0.039021
303 0.476314 0.512731 0.021577 0.040675
212 0.429315 0.570271 0.025794 0.036045
345 0.455481 0.573743 0.027530 0.033730
21 0.338790 0.644015 0.038690 0.069775
21 0.316592 0.640542 0.029018 0.072751
3 0.281126 0.621362 0.053323 0.034392
3 0.281870 0.646329 0.049851 0.030093
3 0.282490 0.662533 0.050595 0.032738
3 0.238219 0.659888 0.043899 0.024802
3 0.237599 0.642030 0.038690 0.026124
3 0.235615 0.619048 0.039187 0.034392
38 0.207341 0.631118 0.028274 0.071759
38 0.176959 0.635582 0.039931 0.077381
38 0.153274 0.631283 0.033234 0.070106
38 0.136533 0.629464 0.021081 0.070437
329 0.154390 0.722388 0.047371 0.061839
329 0.196057 0.722884 0.048859 0.068122
86 0.240947 0.736772 0.054812 0.049603
86 0.300347 0.721892 0.043155 0.037037
152 0.326389 0.745866 0.040675 0.051918
152 0.360367 0.747354 0.036706 0.049603
349 0.480407 0.756283 0.038690 0.047619
349 0.520337 0.758433 0.040675 0.045304
349 0.559648 0.763724 0.038938 0.049934
296 0.602307 0.766038 0.039931 0.049934
296 0.643105 0.768849 0.043651 0.050926
109 0.723586 0.766204 0.045387 0.044974
109 0.684400 0.753968 0.036458 0.048942
8 0.785590 0.786210 0.053819 0.041336
8 0.789559 0.749504 0.057292 0.039352
33 0.743552 0.881614 0.066468 0.099206
33 0.785962 0.865079 0.052083 0.082672
208 0.570933 0.838128 0.040675 0.052579
208 0.527034 0.876488 0.039187 0.051918
131 0.550099 0.878142 0.010417 0.048611
235 0.615451 0.856812 0.053323 0.064815
62 0.179688 0.816799 0.042907 0.094577
62 0.133309 0.818783 0.052827 0.078704
246 0.307416 0.841766 0.035962 0.047950
338 0.347594 0.817130 0.051835 0.053571
246 0.342262 0.854167 0.034722 0.026455
188 0.316096 0.230655 0.030506 0.074405
188 0.317708 0.285714 0.030258 0.052249
188 0.344742 0.286045 0.027282 0.051587
307 0.371528 0.286045 0.027778 0.051587
307 0.399058 0.284392 0.028274 0.054894
307 0.402282 0.244544 0.028770 0.066468
96 0.483135 0.870536 0.036210 0.057209
132 0.441096 0.859458 0.047867 0.041667
132 0.401414 0.830853 0.044891 0.036706
208 0.568452 0.885913 0.035218 0.049603
73 0.245536 0.441138 0.028770 0.058862
231 0.837922 0.538029 0.039435 0.058201
