286 0.108939 0.059686 0.211173 0.062827
286 0.111732 0.112042 0.205587 0.058639
286 0.116201 0.160209 0.205587 0.052356
286 0.312849 0.056021 0.205587 0.061780
286 0.312849 0.108377 0.201117 0.057592
286 0.314525 0.158115 0.202235 0.056545
286 0.516201 0.057592 0.198883 0.062827
286 0.518436 0.110471 0.198883 0.057592
286 0.518436 0.159162 0.198883 0.054450
193 0.434637 0.260209 0.129609 0.061780
193 0.434078 0.313089 0.126257 0.056545
193 0.435196 0.359162 0.121788 0.052356
193 0.553631 0.261257 0.126257 0.061780
193 0.553073 0.313089 0.125140 0.052356
193 0.557542 0.359162 0.113966 0.052356
193 0.675978 0.260733 0.127374 0.058639
193 0.676536 0.311518 0.126257 0.055497
193 0.675978 0.358639 0.125140 0.053403
4 0.811173 0.353403 0.127374 0.057592
4 0.812291 0.307853 0.131844 0.058639
4 0.820112 0.259162 0.134078 0.057592
4 0.937989 0.258115 0.124022 0.057592
4 0.937989 0.308377 0.124022 0.055497
4 0.935196 0.354974 0.125140 0.052356
6 0.269832 0.261780 0.204469 0.062827
6 0.270950 0.314136 0.202235 0.054450
6 0.271508 0.360733 0.201117 0.053403
6 0.089385 0.359162 0.174302 0.052356
6 0.089385 0.313089 0.174302 0.054450
6 0.088827 0.262304 0.173184 0.057592
237 0.293296 0.444503 0.208939 0.070157
237 0.302235 0.496859 0.204469 0.055497
237 0.305028 0.543455 0.201117 0.054450
237 0.115642 0.542408 0.193296 0.052356
237 0.110615 0.496859 0.189944 0.055497
237 0.111732 0.441361 0.203352 0.076440
139 0.467598 0.445550 0.115084 0.065969
139 0.577095 0.443979 0.121788 0.060733
232 0.693296 0.443979 0.126257 0.060733
232 0.810615 0.443979 0.126257 0.060733
232 0.927374 0.446073 0.129609 0.067016
232 0.925698 0.495812 0.124022 0.049215
232 0.807821 0.493717 0.122905 0.051309
232 0.693296 0.494241 0.119553 0.052356
139 0.579330 0.494241 0.119553 0.052356
139 0.467598 0.495288 0.115084 0.050262
139 0.467598 0.539267 0.115084 0.052356
139 0.579330 0.538743 0.119553 0.051309
232 0.690503 0.538743 0.116201 0.053403
232 0.808380 0.538743 0.119553 0.051309
232 0.925140 0.538220 0.120670 0.048168
275 0.827933 0.645026 0.181006 0.050262
275 0.843575 0.670681 0.203352 0.051309
275 0.870391 0.711518 0.201117 0.080628
275 0.869832 0.767539 0.153073 0.052356
232 0.865363 0.813613 0.153073 0.054450
275 0.863128 0.855497 0.153073 0.054450
275 0.860335 0.888482 0.145251 0.032461
283 0.627374 0.618848 0.231285 0.073298
283 0.627374 0.672775 0.231285 0.057592
283 0.624022 0.719895 0.229050 0.055497
283 0.627374 0.763351 0.139665 0.050262
283 0.628492 0.804712 0.137430 0.055497
283 0.627933 0.850262 0.136313 0.052356
283 0.627374 0.884293 0.135196 0.038743
80 0.169832 0.713089 0.234637 0.075393
80 0.169832 0.767539 0.227933 0.052356
80 0.169832 0.808901 0.225698 0.053403
80 0.172067 0.850785 0.230168 0.053403
80 0.172067 0.886387 0.225698 0.042932
80 0.395531 0.884293 0.221229 0.040838
80 0.400000 0.852356 0.223464 0.052356
80 0.399441 0.812042 0.222346 0.047120
80 0.394413 0.769634 0.227933 0.056545
80 0.398324 0.721990 0.229050 0.053403
80 0.401117 0.667016 0.227933 0.077487
80 0.408939 0.623037 0.205587 0.043979
80 0.191061 0.641885 0.218994 0.073298
