75 0.050914 0.101925 0.096606 0.149606
194 0.128264 0.102800 0.093342 0.144357
194 0.205940 0.102362 0.090731 0.141732
194 0.278394 0.102800 0.084204 0.139108
240 0.343342 0.101050 0.078329 0.142607
308 0.407311 0.096675 0.091384 0.149606
330 0.460836 0.095801 0.069191 0.149606
186 0.039817 0.223097 0.058747 0.062992
186 0.076044 0.224847 0.045039 0.057743
186 0.109661 0.223972 0.053525 0.059493
186 0.152089 0.222222 0.053525 0.059493
186 0.194517 0.220910 0.052219 0.058618
342 0.234987 0.220035 0.049608 0.056868
180 0.376305 0.212161 0.046345 0.058618
53 0.535901 0.097113 0.082245 0.146982
53 0.605744 0.100612 0.082245 0.136483
53 0.673956 0.101050 0.077676 0.135608
108 0.726828 0.108486 0.052872 0.117235
108 0.777089 0.107174 0.080287 0.118110
29 0.838120 0.093176 0.079634 0.146107
29 0.901110 0.093176 0.069843 0.144357
29 0.958225 0.093176 0.073107 0.142607
30 0.650457 0.269029 0.085509 0.158355
30 0.718342 0.265529 0.073760 0.156605
121 0.784595 0.261155 0.067885 0.151356
121 0.842363 0.257655 0.071149 0.147857
130 0.901436 0.254593 0.067885 0.138233
130 0.966710 0.248906 0.066580 0.149606
261 0.430809 0.310149 0.063969 0.109361
261 0.478460 0.308836 0.054830 0.099738
261 0.518930 0.286527 0.080940 0.086614
15 0.568538 0.285652 0.071802 0.083115
261 0.052219 0.331146 0.073107 0.112861
315 0.110640 0.328084 0.069843 0.108486
261 0.165144 0.325022 0.067885 0.109361
261 0.220627 0.320210 0.066580 0.108486
261 0.272846 0.318460 0.061358 0.106737
201 0.322781 0.315836 0.062010 0.106737
201 0.375000 0.309711 0.065927 0.110236
61 0.407963 0.308836 0.018277 0.108486
194 0.068538 0.524934 0.079634 0.139983
308 0.131854 0.521435 0.073107 0.136483
35 0.223890 0.493438 0.086162 0.159230
35 0.294713 0.486002 0.081593 0.156605
305 0.359987 0.490376 0.060705 0.116360
305 0.411227 0.484689 0.062663 0.120735
93 0.462467 0.480752 0.065927 0.119860
93 0.514034 0.477690 0.060705 0.115486
305 0.566906 0.468066 0.064621 0.118985
240 0.605418 0.462817 0.052872 0.111986
305 0.651110 0.459755 0.059399 0.111111
240 0.693211 0.454068 0.062663 0.115486
14 0.739556 0.444444 0.058747 0.120735
214 0.782637 0.445757 0.050914 0.105862
214 0.822454 0.440945 0.046997 0.104987
330 0.855744 0.426947 0.079634 0.118985
330 0.906005 0.423010 0.045692 0.112861
50 0.957572 0.426509 0.079634 0.086614
261 0.536880 0.507874 0.013708 0.041120
156 0.618146 0.503500 0.027415 0.032371
181 0.648825 0.608924 0.082245 0.174978
181 0.715731 0.594926 0.069843 0.141732
181 0.775783 0.596675 0.068538 0.134733
145 0.830940 0.585739 0.067885 0.128609
161 0.879569 0.570866 0.075065 0.137358
50 0.936358 0.562555 0.069843 0.131234
197 0.669060 0.808836 0.079634 0.147857
197 0.730091 0.797463 0.080287 0.142607
23 0.791123 0.777778 0.075718 0.152231
23 0.851175 0.764217 0.062663 0.156605
34 0.894256 0.743657 0.087467 0.152231
34 0.952350 0.733158 0.073107 0.152231
61 0.851175 0.707787 0.062663 0.036745
35 0.382507 0.839020 0.091384 0.201225
35 0.456919 0.827647 0.090078 0.202975
218 0.520235 0.798775 0.078329 0.181977
161 0.594321 0.800087 0.081593 0.188101
181 0.582898 0.615048 0.083551 0.146982
97 0.451044 0.636045 0.083551 0.164479
181 0.377937 0.643045 0.084856 0.166229
145 0.090405 0.700787 0.082898 0.146982
145 0.164164 0.690726 0.080287 0.144357
145 0.237924 0.678040 0.076371 0.141732
145 0.303851 0.667979 0.073760 0.140857
7 0.305809 0.857393 0.101175 0.097988
7 0.235313 0.866579 0.085509 0.095363
85 0.116841 0.897638 0.082245 0.155731
85 0.163838 0.905512 0.073107 0.167979
85 0.053198 0.916010 0.085509 0.167979
96 0.024151 0.712598 0.048303 0.067367
96 0.027089 0.786964 0.054178 0.069116
