283 0.380413 0.889442 0.109852 0.027920
267 0.590817 0.810013 0.138913 0.086650
275 0.590817 0.879493 0.116245 0.045892
67 0.622348 0.543646 0.081081 0.041078
67 0.625254 0.576861 0.085150 0.045892
67 0.626126 0.608793 0.088637 0.046213
67 0.626126 0.630616 0.088637 0.041078
67 0.626126 0.649230 0.089218 0.038511
351 0.748184 0.443838 0.099680 0.041078
351 0.748038 0.396021 0.102877 0.066752
351 0.748184 0.340982 0.105493 0.066431
351 0.830718 0.316592 0.097937 0.065789
351 0.838564 0.393132 0.117117 0.085366
351 0.830718 0.442394 0.107817 0.043325
351 0.952049 0.339698 0.095902 0.077985
351 0.937954 0.398909 0.105493 0.057125
351 0.937809 0.442394 0.109852 0.049743
224 0.872130 0.192073 0.102877 0.051669
326 0.753996 0.128370 0.114792 0.079589
326 0.753996 0.190469 0.099680 0.045892
326 0.653734 0.123877 0.105493 0.076380
326 0.653880 0.186136 0.102877 0.048139
326 0.559430 0.191913 0.063354 0.041078
326 0.558413 0.137035 0.063644 0.080873
326 0.559285 0.053113 0.066550 0.074134
326 0.423714 0.141207 0.063354 0.075096
88 0.419791 0.349647 0.074688 0.058087
88 0.419791 0.401958 0.072944 0.058087
88 0.419791 0.438062 0.070619 0.037869
139 0.419791 0.497272 0.071200 0.042683
139 0.419791 0.536585 0.070619 0.050064
139 0.420808 0.584243 0.071491 0.045892
139 0.419791 0.630456 0.072944 0.054236
139 0.344086 0.584243 0.107527 0.045892
139 0.344086 0.627728 0.109852 0.050064
175 0.344086 0.435173 0.095902 0.041078
175 0.342197 0.374198 0.104911 0.050064
175 0.342197 0.316431 0.104911 0.050064
175 0.255594 0.310655 0.099680 0.050064
175 0.253560 0.368582 0.099680 0.054236
175 0.253560 0.426348 0.081662 0.045892
43 0.251671 0.093549 0.099390 0.054236
43 0.250654 0.151476 0.134554 0.061617
43 0.251671 0.186136 0.109852 0.034660
139 0.326359 0.481547 0.095902 0.045892
139 0.326359 0.536425 0.095902 0.057445
43 0.339146 0.094994 0.112758 0.057125
88 0.423714 0.304878 0.062191 0.037869
326 0.423714 0.183248 0.060448 0.045571
326 0.423714 0.081996 0.066260 0.091463
110 0.559285 0.304878 0.070038 0.046213
110 0.559285 0.341142 0.067713 0.041078
110 0.558413 0.368582 0.066550 0.045892
110 0.558413 0.407574 0.066550 0.037869
110 0.558413 0.435013 0.066550 0.045892
295 0.048678 0.105103 0.072363 0.177471
295 0.109561 0.113607 0.070328 0.182285
295 0.157658 0.107349 0.044464 0.180680
43 0.339582 0.189827 0.109561 0.038832
43 0.340308 0.149872 0.101133 0.044288
224 0.964981 0.134146 0.070038 0.080873
224 0.959024 0.193838 0.081953 0.055841
224 0.875472 0.131579 0.099680 0.084724
351 0.652572 0.334243 0.086312 0.068999
351 0.644435 0.396021 0.099099 0.074454
351 0.647632 0.437741 0.095612 0.040436
67 0.547225 0.642651 0.057541 0.049101
67 0.548968 0.605424 0.076722 0.038190
67 0.550131 0.565629 0.080209 0.045250
253 0.715780 0.570924 0.101715 0.051348
253 0.715344 0.605263 0.099099 0.051990
253 0.711712 0.636072 0.087765 0.048139
302 0.793665 0.530006 0.080790 0.052953
302 0.807759 0.579429 0.086312 0.045250
302 0.813717 0.628209 0.094159 0.068357
302 0.811392 0.657253 0.100552 0.033376
302 0.891311 0.551990 0.100552 0.066110
302 0.896542 0.597401 0.097065 0.052953
302 0.890584 0.629814 0.096193 0.049743
302 0.885644 0.658858 0.086312 0.041078
275 0.782185 0.830071 0.190933 0.095315
275 0.783348 0.877567 0.194420 0.083761
275 0.776228 0.911746 0.174949 0.059050
275 0.595176 0.719994 0.162162 0.053594
275 0.594013 0.761553 0.165068 0.051348
283 0.382738 0.766849 0.159256 0.083761
283 0.384917 0.825899 0.156641 0.052953
283 0.383464 0.866014 0.146760 0.042041
80 0.186864 0.759628 0.185992 0.073813
80 0.203139 0.708119 0.181924 0.060655
232 0.105347 0.526476 0.126417 0.072208
232 0.122058 0.587291 0.105202 0.059050
232 0.122929 0.627246 0.117989 0.053594
232 0.225371 0.635430 0.109561 0.043646
232 0.228131 0.589538 0.108108 0.051348
232 0.227986 0.534499 0.106655 0.068357
175 0.103168 0.300064 0.158675 0.089217
175 0.106219 0.374198 0.140947 0.071245
175 0.118570 0.428113 0.155769 0.051990
