30 0.442708 0.067460 0.111111 0.134921
130 0.538566 0.055886 0.113343 0.111772
130 0.637153 0.040344 0.111111 0.080688
305 0.654638 0.243386 0.093502 0.152778
305 0.585317 0.263724 0.088790 0.145833
47 0.518973 0.280423 0.083085 0.142857
47 0.458457 0.296131 0.083085 0.132606
50 0.400794 0.300099 0.076389 0.154431
50 0.339286 0.316634 0.088790 0.143188
53 0.154638 0.363426 0.105407 0.139550
34 0.166419 0.523644 0.125496 0.156415
187 0.245536 0.521660 0.083333 0.147817
187 0.305060 0.519676 0.088790 0.141204
223 0.359747 0.516865 0.095982 0.125000
223 0.420387 0.507110 0.092262 0.145833
164 0.484747 0.490575 0.083085 0.161706
164 0.550223 0.485615 0.092014 0.161706
108 0.626364 0.477844 0.082093 0.156746
108 0.699653 0.468915 0.083333 0.154762
315 0.791419 0.543155 0.082341 0.132606
201 0.955481 0.530589 0.088542 0.145833
260 0.854911 0.373181 0.088790 0.135913
260 0.784598 0.383929 0.082093 0.142857
214 0.870536 0.711144 0.088790 0.145833
214 0.809896 0.710152 0.082093 0.145833
181 0.720114 0.682870 0.099454 0.153439
181 0.637153 0.704365 0.100694 0.153439
181 0.561012 0.704365 0.092262 0.154762
97 0.414435 0.706349 0.088790 0.153439
23 0.348958 0.714947 0.088790 0.125000
23 0.289435 0.715112 0.082341 0.122685
342 0.237723 0.718915 0.073165 0.121032
7 0.589286 0.879134 0.102679 0.165013
7 0.664435 0.877149 0.092262 0.161706
85 0.838294 0.918155 0.095238 0.154431
85 0.919395 0.926587 0.105655 0.146825
85 0.976811 0.926587 0.046379 0.146825
7 0.724082 0.840939 0.073165 0.101852
342 0.181052 0.711144 0.067460 0.129960
97 0.495536 0.700397 0.099702 0.156746
315 0.847966 0.532407 0.112599 0.142857
29 0.050719 0.194775 0.090030 0.144841
29 0.100694 0.178571 0.092262 0.164021
29 0.156746 0.154266 0.103175 0.172950
29 0.219122 0.127976 0.100942 0.183201
30 0.289683 0.101521 0.108631 0.189815
30 0.357887 0.089120 0.110615 0.165013
53 0.099206 0.374835 0.089782 0.140542
330 0.280878 0.334160 0.054812 0.158399
330 0.225694 0.350198 0.062500 0.142857
117 0.755084 0.217097 0.085069 0.209325
117 0.843874 0.189649 0.092014 0.194775
78 0.930680 0.168816 0.092510 0.195437
61 0.948785 0.366402 0.088046 0.161376
218 0.221478 0.848876 0.053571 0.126984
218 0.266245 0.863591 0.081597 0.147817
218 0.317460 0.868386 0.084325 0.155423
205 0.372024 0.874173 0.087798 0.172950
205 0.434524 0.880622 0.101687 0.181217
205 0.505828 0.879134 0.098958 0.177579
