78 0.267744 0.150674 0.047992 0.118776
47 0.303486 0.146006 0.048750 0.123963
47 0.337206 0.144450 0.049002 0.123963
117 0.380020 0.141338 0.048750 0.121888
117 0.420813 0.136670 0.046982 0.121888
93 0.472468 0.133817 0.048245 0.121369
93 0.513261 0.133817 0.046982 0.124481
75 0.738065 0.107884 0.057085 0.141079
75 0.784794 0.106328 0.054054 0.144191
75 0.837459 0.101660 0.054307 0.149378
194 0.898207 0.096992 0.073251 0.155602
194 0.953903 0.092324 0.066936 0.150415
214 0.915130 0.322095 0.069209 0.125519
214 0.865370 0.322355 0.052033 0.121888
214 0.823693 0.322355 0.052033 0.118776
355 0.474489 0.460062 0.037131 0.119295
61 0.505304 0.467842 0.037131 0.107884
61 0.539151 0.467842 0.037131 0.107884
61 0.574009 0.467583 0.037131 0.105290
61 0.604824 0.467842 0.037131 0.107884
61 0.700303 0.467583 0.040162 0.111515
201 0.737055 0.467583 0.042435 0.108402
201 0.804749 0.467583 0.040919 0.108402
108 0.895302 0.460062 0.059864 0.121369
315 0.906163 0.590249 0.051781 0.096473
315 0.852362 0.587137 0.039656 0.094398
315 0.817631 0.587396 0.045971 0.095954
315 0.771912 0.579357 0.042435 0.094398
260 0.732003 0.576504 0.040919 0.093880
260 0.698282 0.587137 0.036120 0.094398
260 0.669361 0.590249 0.040919 0.096473
261 0.541046 0.590249 0.035362 0.094398
261 0.509346 0.590249 0.039656 0.096473
261 0.484466 0.587137 0.032331 0.094398
23 0.463627 0.710322 0.051781 0.109440
23 0.422834 0.703579 0.050013 0.118776
162 0.382041 0.699170 0.051781 0.110996
162 0.346300 0.695799 0.052033 0.118776
355 0.303359 0.700467 0.052033 0.111515
355 0.263703 0.692946 0.045971 0.110996
191 0.175044 0.700726 0.059106 0.115145
34 0.042940 0.692687 0.052033 0.121888
34 0.019197 0.689834 0.029300 0.121369
205 0.140440 0.861255 0.077292 0.160270
205 0.198030 0.813797 0.059611 0.094398
85 0.322304 0.847510 0.052033 0.130705
85 0.466532 0.852178 0.037383 0.130705
221 0.547108 0.835322 0.042435 0.093880
7 0.598889 0.826245 0.033342 0.086100
7 0.638671 0.902749 0.053801 0.141598
7 0.602804 0.901193 0.031068 0.118776
35 0.692852 0.894969 0.052033 0.130187
35 0.730109 0.892116 0.040162 0.112033
15 0.763956 0.919346 0.048750 0.118776
15 0.791740 0.919606 0.059864 0.115145
15 0.843521 0.902749 0.059864 0.136411
201 0.833544 0.460062 0.049002 0.115145
201 0.771912 0.467842 0.042435 0.107884
61 0.668351 0.467842 0.040919 0.107884
61 0.635640 0.467842 0.038141 0.107884
121 0.429780 0.322095 0.049760 0.150415
121 0.369033 0.326763 0.058095 0.155602
30 0.324324 0.331432 0.058095 0.155602
30 0.274564 0.331432 0.058095 0.155602
181 0.219879 0.331432 0.059864 0.155602
181 0.172139 0.338952 0.057843 0.155083
181 0.125410 0.339212 0.062895 0.150415
305 0.187168 0.158454 0.049002 0.108402
78 0.228846 0.150674 0.052033 0.118776
191 0.091564 0.694243 0.059864 0.121888
191 0.127431 0.700726 0.059864 0.115145
355 0.219879 0.694502 0.059864 0.115145
186 0.550518 0.119813 0.031574 0.063278
186 0.575272 0.118517 0.029553 0.062759
268 0.601162 0.116442 0.030816 0.063797
268 0.627179 0.116961 0.028290 0.063797
268 0.627179 0.163900 0.028290 0.052905
268 0.619222 0.072873 0.031068 0.055498
268 0.601288 0.164938 0.030563 0.053942
186 0.574893 0.165975 0.029300 0.053942
186 0.550013 0.167790 0.030058 0.053423
197 0.020965 0.538122 0.033847 0.112552
197 0.044077 0.541494 0.061884 0.122407
97 0.084996 0.536307 0.062895 0.134855
97 0.127052 0.534492 0.062642 0.139523
130 0.170498 0.533973 0.060116 0.139523
130 0.218616 0.531120 0.070978 0.145228
29 0.349457 0.535529 0.061379 0.137448
29 0.393786 0.526452 0.048497 0.137967
29 0.436095 0.539160 0.054812 0.142635
164 0.701061 0.715249 0.049255 0.125519
164 0.744254 0.715508 0.048750 0.125000
145 0.793887 0.720695 0.052033 0.119813
145 0.835943 0.720954 0.053801 0.120332
145 0.881788 0.720695 0.059106 0.134336
187 0.515408 0.711878 0.047234 0.114627
187 0.559737 0.705394 0.044961 0.110996
342 0.608740 0.711359 0.050013 0.123963
342 0.651806 0.701245 0.045213 0.104772
218 0.074387 0.834284 0.051781 0.141598
218 0.040667 0.831950 0.056075 0.141079
218 0.019449 0.830913 0.030816 0.139004
180 0.084112 0.761411 0.006062 0.009336
15 0.073251 0.765820 0.018692 0.018154
