239 0.037078 0.081000 0.074156 0.125000
239 0.126776 0.081000 0.111456 0.121500
239 0.240009 0.085750 0.100799 0.116000
239 0.341696 0.084875 0.107016 0.118250
280 0.450933 0.091625 0.100799 0.101250
280 0.552398 0.094625 0.100355 0.097750
280 0.651199 0.094625 0.100799 0.097750
307 0.752664 0.100375 0.104796 0.090250
307 0.852353 0.097500 0.112345 0.091500
307 0.948046 0.096500 0.101243 0.098000
284 0.911856 0.232250 0.168295 0.082500
284 0.783970 0.232250 0.147869 0.081000
52 0.623668 0.236125 0.159414 0.076250
52 0.465586 0.235250 0.161190 0.076000
208 0.279085 0.236125 0.190497 0.076250
208 0.106350 0.236125 0.146092 0.076250
82 0.087700 0.355250 0.107904 0.066500
82 0.187389 0.355250 0.111901 0.066500
349 0.988011 0.589750 0.023091 0.056000
349 0.979352 0.643500 0.038632 0.051000
349 0.894316 0.586875 0.152753 0.057250
349 0.891208 0.643375 0.142984 0.051750
132 0.730240 0.586750 0.169183 0.059000
132 0.727353 0.645375 0.177620 0.049250
132 0.568162 0.589750 0.133659 0.059000
132 0.566385 0.643500 0.146980 0.051500
152 0.411856 0.589625 0.129218 0.054250
109 0.275089 0.592625 0.129218 0.062250
109 0.275311 0.648250 0.121670 0.049000
109 0.145204 0.592625 0.144760 0.062250
109 0.144316 0.645375 0.142984 0.053250
233 0.204707 0.507125 0.111012 0.067750
233 0.137655 0.505250 0.122558 0.065500
207 0.915409 0.449125 0.135435 0.065750
207 0.915409 0.509500 0.134547 0.056000
236 0.627664 0.445875 0.134547 0.062750
236 0.627220 0.506250 0.136323 0.061000
236 0.765986 0.509375 0.150089 0.064750
236 0.765986 0.443750 0.150089 0.068000
96 0.151643 0.715750 0.119449 0.054000
96 0.273535 0.715750 0.120782 0.054000
96 0.153419 0.765125 0.123002 0.046750
96 0.273313 0.764875 0.120337 0.045750
296 0.398535 0.716125 0.119449 0.057750
296 0.398313 0.765125 0.117229 0.043750
349 0.521314 0.715250 0.123446 0.057000
296 0.517762 0.763750 0.118117 0.044500
271 0.641430 0.754875 0.123002 0.061250
33 0.192274 0.916000 0.160746 0.090000
33 0.348801 0.915500 0.167407 0.089500
33 0.510657 0.913375 0.160746 0.085250
243 0.722025 0.921625 0.242451 0.068250
246 0.913854 0.917250 0.145648 0.060500
