30 0.086277 0.105440 0.133605 0.156480
30 0.173234 0.108000 0.151721 0.148160
53 0.083560 0.297440 0.103714 0.130240
53 0.193614 0.296160 0.158967 0.120640
34 0.093071 0.470240 0.116395 0.156480
34 0.207201 0.462560 0.149004 0.156480
34 0.343071 0.456160 0.149004 0.145600
330 0.321332 0.302560 0.129076 0.108480
330 0.427310 0.298720 0.138134 0.106560
50 0.534647 0.293600 0.112772 0.111680
50 0.621603 0.294880 0.101902 0.106560
223 0.677310 0.443360 0.117301 0.100160
187 0.579484 0.447200 0.121830 0.112960
223 0.769701 0.439520 0.094656 0.093760
164 0.843071 0.424160 0.090127 0.098880
164 0.912364 0.421600 0.084692 0.093760
181 0.833560 0.568800 0.090127 0.106560
181 0.753397 0.579040 0.117301 0.118720
97 0.651495 0.589280 0.101902 0.115520
342 0.211277 0.650720 0.140851 0.145600
342 0.093071 0.667360 0.136322 0.161600
23 0.473505 0.792800 0.130888 0.148160
23 0.580842 0.768480 0.117301 0.130240
23 0.677310 0.756960 0.117301 0.127040
205 0.781929 0.727520 0.094656 0.156480
205 0.859375 0.712160 0.097373 0.148160
35 0.930027 0.694240 0.072917 0.106560
35 0.970562 0.689120 0.058877 0.106560
181 0.930027 0.568800 0.090127 0.108480
187 0.469429 0.481760 0.119112 0.056000
97 0.564538 0.607200 0.117301 0.131520
97 0.449049 0.617440 0.123641 0.127040
342 0.344429 0.645600 0.121830 0.137280
218 0.085824 0.866080 0.164402 0.199360
218 0.221694 0.838400 0.157156 0.189440
218 0.348958 0.820480 0.139040 0.153600
23 0.417799 0.808480 0.022192 0.127680
240 0.710598 0.300320 0.085145 0.077760
240 0.774909 0.299040 0.058877 0.076480
305 0.833786 0.297280 0.074275 0.078080
305 0.902627 0.297280 0.078804 0.075520
305 0.960824 0.295840 0.047554 0.071360
29 0.564764 0.129760 0.118659 0.126400
29 0.670063 0.135360 0.110960 0.121600
29 0.767889 0.140800 0.108243 0.114560
130 0.860960 0.145120 0.104167 0.112320
130 0.946105 0.148640 0.092391 0.108480
29 0.440670 0.121920 0.136775 0.131200
