342 0.259370 0.039587 0.161194 0.079175
342 0.383748 0.046241 0.119403 0.092482
23 0.512106 0.050399 0.131343 0.100798
23 0.611774 0.060878 0.088557 0.121091
23 0.701161 0.064870 0.088889 0.129075
187 0.789221 0.068862 0.089221 0.137725
187 0.877280 0.075516 0.107463 0.137725
187 0.953897 0.090319 0.080929 0.134065
162 0.969154 0.272954 0.061692 0.118097
162 0.904478 0.271124 0.084245 0.121091
75 0.832172 0.275948 0.073632 0.119428
75 0.769818 0.275948 0.076285 0.122754
194 0.692206 0.272122 0.080929 0.125083
194 0.613101 0.269128 0.083914 0.129075
194 0.526202 0.265136 0.104478 0.132402
29 0.523715 0.474385 0.138640 0.170991
29 0.626534 0.464571 0.108789 0.160013
53 0.714262 0.462575 0.085240 0.136061
53 0.791874 0.457751 0.085240 0.137725
30 0.863184 0.440951 0.075954 0.136061
30 0.931675 0.437126 0.069652 0.128410
108 0.978773 0.407851 0.042454 0.100466
181 0.913599 0.622754 0.068657 0.125083
181 0.843781 0.624750 0.077612 0.137725
181 0.781592 0.646374 0.085240 0.137725
97 0.694693 0.668829 0.089221 0.146041
218 0.217910 0.938789 0.143284 0.122422
218 0.342289 0.922655 0.138640 0.154691
35 0.872305 0.804724 0.084245 0.165669
35 0.923383 0.787092 0.076285 0.146374
35 0.965340 0.779275 0.069320 0.122754
260 0.968159 0.531104 0.063682 0.071524
191 0.137811 0.248503 0.174793 0.179641
191 0.285075 0.251331 0.150249 0.167997
191 0.406633 0.256321 0.115423 0.151364
130 0.135489 0.511976 0.164842 0.197605
130 0.283748 0.500665 0.142289 0.188290
130 0.407463 0.493679 0.128358 0.192947
218 0.548093 0.907518 0.100498 0.184963
218 0.443284 0.916334 0.110448 0.167332
205 0.637313 0.874251 0.085904 0.188290
205 0.725041 0.857784 0.079602 0.191284
205 0.799834 0.822522 0.077280 0.171989
97 0.611774 0.692282 0.087231 0.154358
97 0.516418 0.702927 0.098839 0.178975
34 0.417081 0.723387 0.113765 0.181304
34 0.303317 0.749168 0.123715 0.206254
34 0.170813 0.773786 0.149254 0.207585
