262 0.493896 0.553711 0.064941 0.163411
336 0.550537 0.550781 0.064941 0.156250
336 0.597412 0.548828 0.058105 0.136719
108 0.654053 0.541016 0.067871 0.136719
108 0.705811 0.536133 0.055176 0.133464
336 0.754639 0.528320 0.059082 0.134766
336 0.793701 0.525391 0.047363 0.134115
336 0.839600 0.521484 0.062012 0.131510
305 0.779053 0.388672 0.062012 0.119792
47 0.727295 0.386719 0.067871 0.119792
78 0.662842 0.390625 0.064941 0.126302
117 0.602295 0.393555 0.069824 0.129557
162 0.513428 0.261719 0.106934 0.174479
130 0.437256 0.244141 0.045410 0.214844
130 0.356201 0.239258 0.120605 0.223307
34 0.226318 0.219727 0.141113 0.258464
34 0.096436 0.208984 0.177246 0.277344
218 0.143311 0.839844 0.139160 0.253906
218 0.263428 0.804688 0.115723 0.247396
187 0.366943 0.793945 0.102051 0.216797
181 0.464600 0.770508 0.102051 0.231120
97 0.554443 0.755859 0.085449 0.194010
191 0.631592 0.737305 0.085449 0.208984
191 0.705811 0.725586 0.098145 0.202474
342 0.779053 0.716797 0.083496 0.174479
164 0.848389 0.716797 0.071777 0.162760
315 0.929443 0.074219 0.068848 0.117188
214 0.873779 0.060547 0.060059 0.121094
308 0.827881 0.056641 0.057129 0.113281
75 0.776123 0.054688 0.062988 0.109375
201 0.784912 0.231445 0.054199 0.111328
61 0.733154 0.230469 0.058105 0.110677
61 0.677490 0.226562 0.058105 0.106771
261 0.620850 0.226562 0.055176 0.115885
50 0.845947 0.375977 0.073730 0.136068
330 0.882812 0.382161 0.054688 0.119792
201 0.838867 0.236328 0.052734 0.104167
260 0.885742 0.238281 0.053711 0.101562
260 0.923096 0.242188 0.046387 0.095052
7 0.380371 0.959310 0.086914 0.068359
7 0.470703 0.954102 0.097656 0.091797
85 0.560547 0.967448 0.076172 0.063802
85 0.623535 0.926432 0.107422 0.119792
35 0.710205 0.957357 0.060059 0.085286
35 0.769531 0.947591 0.047852 0.098307
15 0.820801 0.940755 0.039062 0.118490
15 0.857910 0.935872 0.033203 0.128255
233 0.034668 0.782227 0.069336 0.117839
96 0.045898 0.959961 0.088867 0.080078
96 0.043457 0.878906 0.083984 0.067708
197 0.181885 0.587240 0.143066 0.174479
197 0.310791 0.572591 0.117676 0.162109
197 0.418457 0.562826 0.098633 0.168620
