33 0.916186 0.890354 0.120764 0.122836
33 0.821017 0.864798 0.107787 0.120363
33 0.730353 0.846455 0.090844 0.089448
235 0.623828 0.878195 0.107787 0.151278
208 0.555696 0.893652 0.062365 0.065952
208 0.497477 0.892003 0.056957 0.062655
338 0.267484 0.830791 0.095169 0.054823
84 0.118421 0.896538 0.137347 0.075021
62 0.025054 0.886851 0.050108 0.110882
316 0.074441 0.508244 0.091204 0.049464
207 0.152668 0.496084 0.065249 0.058120
207 0.210707 0.496084 0.062365 0.058120
12 0.327145 0.491138 0.054434 0.059769
12 0.383922 0.491138 0.059841 0.058120
12 0.446287 0.489901 0.059841 0.058120
82 0.494593 0.489901 0.049748 0.055647
82 0.544340 0.490107 0.049748 0.055235
82 0.594088 0.486397 0.049748 0.051937
82 0.640952 0.486191 0.049748 0.053174
250 0.738645 0.481451 0.049748 0.060181
250 0.782805 0.481451 0.056597 0.056884
233 0.833814 0.481451 0.051190 0.060181
217 0.131038 0.295136 0.057318 0.047815
217 0.191240 0.292663 0.043619 0.052762
284 0.237022 0.292045 0.054434 0.053174
284 0.290375 0.290808 0.052992 0.056472
157 0.351298 0.290808 0.050829 0.057296
157 0.404831 0.287716 0.056957 0.062655
204 0.458904 0.287716 0.054795 0.062655
204 0.516042 0.284007 0.057318 0.065128
73 0.575703 0.281121 0.056957 0.065128
73 0.632120 0.278030 0.057318 0.065540
73 0.679164 0.276999 0.059841 0.061006
265 0.762257 0.269786 0.059481 0.069662
265 0.821377 0.267106 0.063807 0.068425
264 0.863915 0.268961 0.031363 0.059769
264 0.914384 0.265870 0.076063 0.063479
239 0.015501 0.188788 0.023071 0.074196
239 0.040555 0.181575 0.050829 0.085326
239 0.081831 0.178895 0.051190 0.086562
239 0.127974 0.178689 0.051190 0.082028
188 0.182048 0.188582 0.036049 0.054823
188 0.216474 0.178071 0.045061 0.071723
188 0.259913 0.182811 0.044701 0.058120
307 0.310743 0.179720 0.041817 0.058533
307 0.349135 0.177246 0.039293 0.060181
280 0.386626 0.166323 0.040014 0.072960
280 0.430065 0.165499 0.038933 0.073784
280 0.469539 0.161377 0.040014 0.077082
52 0.531002 0.164262 0.075703 0.065540
52 0.603280 0.158904 0.072459 0.065540
333 0.674297 0.147156 0.071017 0.081616
333 0.741709 0.142622 0.067412 0.084089
143 0.831110 0.156018 0.115717 0.048228
52 0.518565 0.126340 0.063086 0.053998
280 0.429164 0.092745 0.041456 0.076669
0 0.069214 0.410758 0.031723 0.055647
0 0.101118 0.409522 0.047945 0.058120
92 0.228190 0.408491 0.034607 0.058533
92 0.265501 0.406843 0.047224 0.061006
345 0.317952 0.401690 0.043259 0.043281
345 0.356885 0.400041 0.038212 0.040808
270 0.932588 0.104287 0.098774 0.141797
243 0.076244 0.570899 0.099856 0.047815
243 0.059301 0.617271 0.112112 0.054823
66 0.181507 0.625721 0.079668 0.060181
109 0.279019 0.618920 0.051911 0.046579
109 0.332733 0.622630 0.054074 0.053998
296 0.394737 0.621599 0.054074 0.051937
296 0.450613 0.621393 0.054074 0.051525
296 0.510094 0.621187 0.054074 0.051113
38 0.604001 0.598722 0.040014 0.089448
38 0.644917 0.598516 0.043980 0.089860
3 0.709986 0.600989 0.089762 0.083265
3 0.778118 0.598104 0.071738 0.075021
39 0.816871 0.579143 0.045422 0.092333
21 0.878515 0.590684 0.054795 0.096455
21 0.923937 0.590890 0.052632 0.094394
132 0.772350 0.750000 0.084715 0.062242
132 0.767844 0.690849 0.075703 0.060181
96 0.825342 0.687345 0.068854 0.063067
96 0.841565 0.746290 0.076784 0.068013
96 0.900865 0.697238 0.084355 0.071311
96 0.907354 0.754328 0.062004 0.049464
349 0.330570 0.753092 0.049027 0.046991
349 0.387347 0.739489 0.052992 0.060181
349 0.442682 0.739489 0.058399 0.060181
271 0.501802 0.735985 0.054795 0.053174
271 0.557318 0.737222 0.063446 0.055647
271 0.615177 0.750412 0.068133 0.066364
132 0.681327 0.714345 0.074261 0.009893
132 0.683309 0.742993 0.071017 0.049876
86 0.199712 0.758450 0.067772 0.074196
86 0.266943 0.759893 0.071017 0.072135
86 0.276316 0.687964 0.070296 0.042045
86 0.205479 0.687964 0.069935 0.038747
152 0.076424 0.757832 0.063446 0.058945
152 0.133201 0.754328 0.053713 0.061006
246 0.430966 0.819044 0.063807 0.035449
246 0.431327 0.857172 0.064528 0.041632
246 0.368061 0.856348 0.059120 0.042457
246 0.367880 0.820486 0.060923 0.038335
307 0.310562 0.112119 0.043619 0.089860
307 0.350937 0.107172 0.029921 0.083265
280 0.470440 0.087387 0.039654 0.072547
280 0.386626 0.101608 0.032805 0.062242
132 0.685652 0.691055 0.077866 0.043281
