332 0.784061 0.101935 0.080026 0.087798
314 0.954034 0.354043 0.075397 0.058284
178 0.909061 0.548363 0.060185 0.089286
178 0.942295 0.548363 0.059193 0.087798
325 0.977348 0.549231 0.045304 0.077133
325 0.835813 0.552207 0.063823 0.092014
137 0.786045 0.556052 0.061508 0.089286
215 0.659061 0.547247 0.073413 0.063244
46 0.574074 0.547247 0.106481 0.074157
189 0.484292 0.550223 0.114749 0.071181
309 0.347553 0.544395 0.112434 0.062996
56 0.345569 0.659598 0.091270 0.117312
56 0.429729 0.666419 0.089616 0.102183
259 0.491237 0.666419 0.080357 0.089286
259 0.553737 0.666543 0.078373 0.080605
32 0.614253 0.662574 0.073743 0.079613
32 0.671792 0.657614 0.073743 0.077629
32 0.726356 0.649926 0.072421 0.079613
171 0.793816 0.658606 0.072421 0.100942
171 0.854332 0.655630 0.072421 0.097966
171 0.909061 0.653770 0.064815 0.092262
171 0.962798 0.647941 0.073082 0.092014
63 0.574239 0.916419 0.089616 0.126488
63 0.665013 0.907614 0.093254 0.108879
63 0.507771 0.936012 0.083003 0.125000
25 0.324074 0.934028 0.114418 0.079365
344 0.946263 0.260293 0.095569 0.054812
196 0.728505 0.100074 0.076720 0.086558
25 0.424438 0.927703 0.117394 0.077133
348 0.895172 0.868056 0.067460 0.081845
348 0.964947 0.859623 0.070106 0.081845
348 0.751819 0.892485 0.059193 0.080605
348 0.803406 0.892981 0.093585 0.078621
298 0.566468 0.753720 0.074735 0.088790
298 0.624504 0.750124 0.079034 0.088542
298 0.686508 0.746528 0.073413 0.081845
174 0.231316 0.535218 0.127976 0.051091
174 0.233466 0.575893 0.126984 0.048115
56 0.198082 0.690104 0.080026 0.093006
56 0.264550 0.651538 0.073413 0.087798
339 0.224041 0.904638 0.110780 0.082589
339 0.223049 0.957093 0.109458 0.058532
171 0.248181 0.980531 0.059193 0.011657
118 0.854167 0.084449 0.099868 0.132688
118 0.933862 0.092634 0.100529 0.130208
334 0.477017 0.196553 0.078373 0.082589
334 0.544478 0.201885 0.059854 0.079861
334 0.600529 0.205729 0.063492 0.078125
352 0.666501 0.210938 0.068452 0.075149
352 0.722553 0.213418 0.060185 0.071181
352 0.778274 0.217634 0.068452 0.073165
89 0.202050 0.190104 0.091931 0.063244
89 0.288360 0.197049 0.083995 0.060764
89 0.373843 0.203869 0.086971 0.057540
320 0.192956 0.316220 0.096892 0.065476
320 0.302083 0.318824 0.111442 0.065228
297 0.518849 0.293899 0.125000 0.052083
309 0.539517 0.336930 0.106151 0.038938
297 0.430060 0.333457 0.112765 0.040427
189 0.735780 0.307044 0.117063 0.045635
189 0.738261 0.343626 0.093585 0.032986
189 0.644345 0.341022 0.099537 0.034722
173 0.198743 0.420511 0.132275 0.050843
173 0.321098 0.419271 0.121032 0.050843
46 0.438988 0.419395 0.114087 0.046131
46 0.545139 0.419395 0.099537 0.043651
45 0.653274 0.420635 0.102844 0.043155
45 0.746032 0.421379 0.088624 0.040179
45 0.744048 0.458333 0.087963 0.032738
45 0.653274 0.458705 0.097553 0.033482
46 0.547619 0.459325 0.106481 0.036210
46 0.438988 0.460689 0.108796 0.036458
173 0.322421 0.463418 0.117063 0.039435
173 0.200066 0.466642 0.126984 0.044395
