178 0.988839 0.372685 0.022321 0.078704
355 0.960938 0.372685 0.059276 0.075397
334 0.792039 0.357308 0.051339 0.073082
344 0.560516 0.359954 0.061508 0.070437
344 0.504836 0.359954 0.061756 0.067791
200 0.448289 0.357143 0.059276 0.070106
200 0.391493 0.354993 0.062748 0.069775
54 0.333953 0.457507 0.061756 0.103505
142 0.384673 0.468254 0.049107 0.083995
142 0.421751 0.470403 0.052827 0.086310
222 0.468626 0.474206 0.049355 0.080026
222 0.504836 0.478009 0.049355 0.079696
324 0.550719 0.478009 0.046379 0.079696
314 0.595610 0.488757 0.055804 0.067460
126 0.645461 0.488757 0.059276 0.070106
196 0.630828 0.593254 0.043403 0.082011
111 0.445312 0.589451 0.042411 0.075066
137 0.413070 0.589451 0.041419 0.072421
137 0.385665 0.589451 0.040179 0.071098
49 0.333953 0.572751 0.049851 0.095238
304 0.338790 0.685020 0.052579 0.090939
298 0.793899 0.880456 0.058532 0.126653
298 0.842758 0.889220 0.058532 0.122354
298 0.885665 0.901951 0.052579 0.113426
298 0.918899 0.906746 0.049107 0.108466
63 0.454117 0.873677 0.041171 0.083995
63 0.417039 0.873677 0.044395 0.083995
63 0.383681 0.873677 0.048115 0.083995
63 0.360367 0.871693 0.042659 0.091270
160 0.490823 0.876653 0.027282 0.082672
171 0.515501 0.880126 0.037450 0.078373
171 0.545759 0.879299 0.038938 0.080688
171 0.569196 0.879299 0.030258 0.080026
189 0.675471 0.615410 0.053819 0.035053
189 0.676587 0.582837 0.056052 0.046627
189 0.722966 0.617560 0.056052 0.035384
189 0.724454 0.585483 0.059524 0.046627
45 0.924975 0.509755 0.061260 0.038029
45 0.928447 0.474702 0.054812 0.045966
46 0.875992 0.472884 0.072917 0.050265
46 0.871280 0.508433 0.062996 0.038690
87 0.814608 0.505622 0.055308 0.038360
87 0.815228 0.469411 0.068948 0.049934
173 0.762029 0.466270 0.064236 0.048280
87 0.761781 0.503307 0.062252 0.039683
173 0.707341 0.465774 0.064980 0.049934
173 0.706597 0.500992 0.060516 0.039021
309 0.838046 0.341766 0.061508 0.047288
309 0.835317 0.378307 0.056052 0.036376
174 0.896949 0.381283 0.066220 0.037698
174 0.900174 0.344081 0.060764 0.047288
200 0.386533 0.292163 0.055308 0.073743
200 0.445437 0.291997 0.054067 0.071429
344 0.501612 0.293816 0.057292 0.071759
344 0.555060 0.294974 0.058036 0.070106
111 0.471478 0.586640 0.025298 0.064815
111 0.497272 0.587302 0.027282 0.067460
106 0.524802 0.583829 0.023810 0.075066
106 0.547371 0.585317 0.025794 0.074074
146 0.573909 0.586144 0.025794 0.074405
146 0.595982 0.587632 0.024802 0.074074
225 0.601687 0.348214 0.035218 0.072090
103 0.635541 0.348876 0.034970 0.073413
37 0.665799 0.356316 0.029018 0.058532
37 0.694940 0.357143 0.032242 0.059524
122 0.737475 0.340774 0.060764 0.039352
122 0.736111 0.374173 0.059028 0.030754
141 0.030382 0.310847 0.053819 0.105820
141 0.068700 0.311839 0.054067 0.105820
272 0.105903 0.311673 0.053571 0.109458
272 0.145213 0.315146 0.046379 0.105159
272 0.179688 0.315807 0.048859 0.106481
272 0.215898 0.317791 0.048363 0.104497
40 0.257316 0.315642 0.049355 0.109458
40 0.303323 0.321925 0.045139 0.098876
40 0.339782 0.324570 0.040675 0.094246
341 0.056176 0.438161 0.056796 0.101190
341 0.103919 0.438161 0.051587 0.104497
341 0.146949 0.444610 0.053323 0.093585
340 0.194940 0.441468 0.051587 0.103836
340 0.240947 0.442791 0.060764 0.104497
340 0.280754 0.443618 0.035218 0.106151
304 0.075645 0.556217 0.050099 0.090608
304 0.109995 0.557540 0.046379 0.089947
304 0.145461 0.559028 0.043899 0.090278
49 0.185144 0.560020 0.045883 0.090939
49 0.219742 0.561177 0.043651 0.091270
49 0.253720 0.563657 0.049603 0.088294
49 0.287946 0.566303 0.039683 0.084325
100 0.104167 0.673446 0.052083 0.091601
100 0.153646 0.676587 0.053819 0.087963
100 0.203125 0.675595 0.053075 0.094577
100 0.249132 0.673115 0.050347 0.096892
304 0.291791 0.676422 0.048363 0.098876
100 0.095982 0.861938 0.026290 0.066468
100 0.121528 0.857804 0.035218 0.081349
100 0.153274 0.857308 0.037202 0.082341
100 0.175719 0.861938 0.020089 0.071759
100 0.226190 0.866071 0.021329 0.069444
100 0.247892 0.868552 0.034474 0.070437
100 0.280010 0.867394 0.038194 0.075397
100 0.306548 0.868221 0.022817 0.070437
89 0.868304 0.570437 0.052083 0.053571
89 0.867312 0.613591 0.042659 0.044643
259 0.911458 0.605985 0.047619 0.062500
259 0.942708 0.606316 0.051587 0.064484
355 0.776042 0.612103 0.051091 0.038360
24 0.820437 0.610615 0.048115 0.045966
56 0.893725 0.717758 0.044891 0.075728
56 0.928199 0.718089 0.047371 0.076389
32 0.790303 0.720403 0.039931 0.059193
32 0.822049 0.721230 0.040427 0.060185
136 0.850198 0.721561 0.034226 0.061508
178 0.595114 0.702381 0.028522 0.076058
178 0.621528 0.702546 0.032242 0.077050
266 0.654266 0.703373 0.036210 0.079365
266 0.685888 0.706184 0.037450 0.076389
266 0.720238 0.705688 0.039683 0.080688
266 0.752480 0.708499 0.039683 0.078373
348 0.379216 0.686673 0.031746 0.087632
348 0.410094 0.687335 0.033978 0.089616
160 0.443452 0.692130 0.034722 0.080688
160 0.478423 0.688492 0.035218 0.091931
306 0.516865 0.692626 0.044643 0.088955
306 0.560268 0.694940 0.038194 0.086971
282 0.611979 0.901290 0.050843 0.073082
282 0.655258 0.901455 0.055556 0.072751
282 0.699653 0.900794 0.055060 0.072090
282 0.747024 0.903604 0.062500 0.077712
219 0.025050 0.148810 0.048611 0.113095
219 0.062624 0.151124 0.052827 0.111111
151 0.099454 0.149802 0.057044 0.116402
151 0.141989 0.152612 0.054812 0.112765
355 0.194072 0.161210 0.039931 0.099537
355 0.230903 0.159061 0.042163 0.106481
355 0.270709 0.160053 0.045387 0.105159
64 0.326265 0.174272 0.066220 0.081349
64 0.392609 0.175761 0.064980 0.083664
31 0.457713 0.180721 0.059772 0.077712
202 0.521329 0.184028 0.062004 0.077712
339 0.584077 0.196429 0.058532 0.057540
339 0.641121 0.198413 0.060020 0.057540
1 0.685144 0.198413 0.032986 0.031085
1 0.714782 0.198909 0.036706 0.031415
