131 0.054563 0.116071 0.109127 0.097718
73 0.030093 0.274182 0.060185 0.086062
52 0.198909 0.128844 0.178902 0.082093
52 0.302414 0.130828 0.116733 0.069692
244 0.422619 0.150174 0.103175 0.073661
244 0.514550 0.157986 0.085979 0.066468
280 0.570106 0.156126 0.053571 0.075645
280 0.615079 0.162078 0.053571 0.073661
21 0.657077 0.161954 0.050265 0.078869
21 0.724537 0.163938 0.092593 0.092262
39 0.787864 0.171751 0.045966 0.077629
39 0.822090 0.174727 0.041667 0.076141
239 0.847388 0.179563 0.036706 0.068948
239 0.882606 0.183408 0.049603 0.068700
239 0.903108 0.185392 0.045635 0.068700
333 0.829861 0.273313 0.061839 0.060020
265 0.773313 0.275298 0.050595 0.060020
157 0.720403 0.274306 0.069775 0.062004
284 0.655093 0.275298 0.052910 0.060020
284 0.607308 0.275298 0.061839 0.064484
204 0.551587 0.275298 0.061508 0.066468
204 0.487269 0.275298 0.069775 0.068948
217 0.402116 0.272321 0.087302 0.079861
217 0.319279 0.274182 0.089616 0.074653
217 0.240906 0.274306 0.112103 0.079861
73 0.130622 0.274306 0.118386 0.083333
355 0.033069 0.398313 0.065476 0.059028
355 0.089782 0.393353 0.083664 0.060020
345 0.187335 0.388517 0.088294 0.054315
345 0.262401 0.386533 0.069775 0.050843
307 0.821098 0.351438 0.066799 0.054067
307 0.857308 0.351438 0.043320 0.053075
166 0.899306 0.364087 0.057870 0.080357
166 0.956845 0.364087 0.056548 0.080357
92 0.041667 0.552703 0.080026 0.064236
92 0.113757 0.541667 0.082011 0.061012
345 0.194610 0.528150 0.078373 0.062748
345 0.262731 0.522569 0.067130 0.054067
349 0.200893 0.684152 0.116071 0.086062
349 0.091766 0.706473 0.127315 0.077133
296 0.311673 0.653522 0.098876 0.076389
296 0.390212 0.633681 0.082672 0.073909
109 0.477513 0.570064 0.071429 0.072173
109 0.476521 0.616319 0.068122 0.056052
109 0.543155 0.602927 0.066468 0.058532
109 0.541171 0.557664 0.077050 0.059772
132 0.440146 0.735739 0.087302 0.070188
246 0.377149 0.867684 0.118717 0.078125
246 0.466435 0.840650 0.094246 0.078621
246 0.465278 0.880952 0.069444 0.061012
246 0.395172 0.910838 0.070767 0.039435
243 0.593915 0.794767 0.118386 0.082093
243 0.604167 0.826265 0.097884 0.053323
96 0.735119 0.770089 0.090608 0.068452
96 0.684524 0.788318 0.090608 0.050347
33 0.778770 0.718502 0.062169 0.060516
33 0.824901 0.714410 0.075066 0.068204
271 0.862599 0.706969 0.017526 0.053819
34 0.894841 0.689484 0.055556 0.085813
34 0.930556 0.674231 0.055556 0.082589
97 0.871858 0.573537 0.051918 0.087550
97 0.920304 0.562996 0.060185 0.089286
29 0.900628 0.471354 0.063161 0.091518
29 0.942956 0.463914 0.045966 0.082093
271 0.081019 0.841146 0.106481 0.085565
271 0.177249 0.816344 0.111772 0.091518
132 0.341435 0.757316 0.115410 0.060268
329 0.451389 0.479167 0.099868 0.106647
329 0.331845 0.489087 0.124669 0.106647
38 0.533234 0.467138 0.047288 0.090526
38 0.582176 0.463418 0.036045 0.090526
38 0.618221 0.456473 0.034061 0.090526
3 0.667824 0.450521 0.050595 0.035466
3 0.672454 0.485243 0.059854 0.033978
3 0.732804 0.424727 0.077381 0.024058
3 0.735119 0.449777 0.074074 0.017113
3 0.736111 0.472222 0.074074 0.027778
208 0.807374 0.447917 0.061839 0.048611
62 0.263062 0.923363 0.126653 0.107143
62 0.127149 0.946429 0.145172 0.107143
82 0.660714 0.568204 0.046958 0.046627
250 0.715608 0.560888 0.037037 0.054812
250 0.748843 0.512649 0.044643 0.041667
250 0.748677 0.557788 0.035053 0.046627
355 0.545304 0.696553 0.075397 0.050347
355 0.605489 0.680308 0.056878 0.058036
207 0.671958 0.665179 0.058862 0.060516
207 0.722884 0.649802 0.055556 0.044147
12 0.784557 0.634301 0.047950 0.067212
12 0.828704 0.621032 0.046958 0.044147
233 0.815972 0.542163 0.063161 0.058036
