52 0.391493 0.122851 0.069196 0.083003
52 0.317212 0.119048 0.083333 0.087963
52 0.391493 0.197090 0.064732 0.074074
52 0.312376 0.196098 0.126736 0.076058
228 0.653150 0.348545 0.052827 0.082011
70 0.620040 0.349372 0.050595 0.083003
228 0.662078 0.348545 0.037946 0.078704
228 0.701017 0.344577 0.042907 0.076058
70 0.736235 0.344577 0.036458 0.070767
13 0.242684 0.342593 0.063740 0.154101
13 0.291667 0.342427 0.053571 0.154431
5 0.335441 0.341931 0.048859 0.154101
5 0.375496 0.341435 0.042659 0.153108
294 0.414931 0.339286 0.043651 0.150132
294 0.453497 0.338790 0.034970 0.145172
5 0.480035 0.335483 0.037946 0.143849
280 0.495660 0.196925 0.034970 0.081019
280 0.527034 0.198247 0.028770 0.078373
280 0.552083 0.198743 0.022817 0.077381
307 0.560392 0.127315 0.021081 0.046958
307 0.585938 0.120370 0.031994 0.046958
307 0.613591 0.121528 0.023810 0.045304
307 0.594370 0.192626 0.032986 0.045966
307 0.571677 0.195271 0.013889 0.042659
188 0.621280 0.192956 0.023313 0.045304
188 0.645833 0.197751 0.017857 0.033730
188 0.664683 0.208995 0.023313 0.060185
188 0.691344 0.207341 0.032986 0.064815
188 0.717138 0.208995 0.026042 0.061508
188 0.740699 0.202216 0.042411 0.075728
131 0.529638 0.359788 0.047867 0.085317
21 0.255208 0.542824 0.047619 0.123347
21 0.297123 0.548115 0.044147 0.112765
21 0.333829 0.541005 0.044147 0.107804
39 0.374876 0.532903 0.046379 0.103505
39 0.408730 0.527116 0.037202 0.100529
39 0.440476 0.519511 0.031250 0.099206
233 0.478175 0.476025 0.040675 0.068452
233 0.515005 0.472057 0.036954 0.067130
233 0.534102 0.466766 0.047371 0.063161
233 0.557168 0.516865 0.035466 0.056878
233 0.515625 0.521825 0.037202 0.051587
233 0.478175 0.525628 0.039683 0.043981
250 0.650670 0.452050 0.035962 0.054233
250 0.645337 0.502315 0.036706 0.050265
250 0.617684 0.505622 0.022569 0.050926
250 0.592138 0.505291 0.030506 0.051587
207 0.696677 0.437169 0.042163 0.060185
207 0.694816 0.491237 0.037946 0.057209
207 0.728299 0.485946 0.030506 0.053902
207 0.728671 0.432705 0.029762 0.057209
236 0.785466 0.423446 0.036210 0.052579
236 0.792535 0.471065 0.022073 0.051257
236 0.763021 0.472222 0.028026 0.048942
66 0.860367 0.425761 0.040675 0.046627
66 0.862971 0.461640 0.035466 0.037698
82 0.834573 0.464286 0.024802 0.044312
82 0.814112 0.466931 0.018601 0.045635
82 0.813988 0.422619 0.018353 0.048280
82 0.832837 0.420139 0.022321 0.047288
243 0.905010 0.447917 0.055060 0.043981
243 0.899182 0.411376 0.043899 0.044312
3 0.402530 0.666667 0.071925 0.105159
3 0.460689 0.657077 0.058780 0.085979
38 0.262897 0.694940 0.043651 0.104828
38 0.284846 0.678075 0.042411 0.106151
38 0.315600 0.660880 0.031498 0.079696
132 0.524306 0.646660 0.062500 0.068452
132 0.519717 0.595734 0.054812 0.063823
132 0.569940 0.583499 0.047123 0.058532
132 0.576017 0.630456 0.056300 0.064484
109 0.598586 0.579034 0.011161 0.049603
349 0.623884 0.574239 0.034474 0.060516
349 0.624628 0.624008 0.035962 0.056878
349 0.656250 0.610780 0.035218 0.060185
349 0.648438 0.562665 0.022569 0.037368
236 0.699405 0.551918 0.036210 0.056878
236 0.732143 0.545800 0.029266 0.046627
236 0.702381 0.594246 0.042163 0.047619
236 0.733879 0.590774 0.033730 0.054563
296 0.767361 0.572421 0.037202 0.043651
296 0.759425 0.532242 0.021825 0.045304
296 0.778646 0.526620 0.019593 0.041997
296 0.793527 0.566138 0.036458 0.046296
109 0.822793 0.521991 0.026538 0.048611
109 0.845362 0.518022 0.023065 0.040675
109 0.846602 0.554729 0.026042 0.043981
109 0.823909 0.560516 0.026290 0.040344
62 0.877232 0.531250 0.035714 0.077712
62 0.898438 0.523148 0.032986 0.076720
329 0.852431 0.625827 0.029762 0.068452
329 0.883681 0.624669 0.043155 0.074735
84 0.761037 0.645833 0.074157 0.047619
84 0.769717 0.681052 0.053819 0.055225
86 0.696677 0.704365 0.033234 0.050926
86 0.698413 0.663690 0.036706 0.057540
152 0.585813 0.708168 0.039683 0.069775
152 0.587550 0.754464 0.043155 0.049934
152 0.624628 0.741733 0.040427 0.064815
86 0.656994 0.718089 0.031250 0.047950
86 0.656994 0.680390 0.031250 0.048611
338 0.694072 0.834160 0.078125 0.070437
338 0.694072 0.800595 0.078125 0.069444
246 0.607019 0.902943 0.052827 0.075728
246 0.583581 0.832011 0.037698 0.053571
338 0.622396 0.821759 0.044395 0.050265
246 0.626984 0.863261 0.045139 0.066468
235 0.545015 0.910714 0.059276 0.121032
33 0.480531 0.915840 0.067708 0.120701
271 0.443204 0.795800 0.043155 0.076389
271 0.483755 0.782077 0.048363 0.074735
271 0.523065 0.765046 0.047123 0.071759
96 0.272569 0.816964 0.063492 0.069114
96 0.275670 0.879134 0.069196 0.057209
96 0.336682 0.858466 0.053819 0.062169
96 0.323289 0.798611 0.051835 0.068783
208 0.391121 0.824570 0.054563 0.078373
345 0.851562 0.218254 0.020585 0.030423
345 0.869668 0.218750 0.021577 0.030093
92 0.889509 0.220073 0.020585 0.029431
92 0.906746 0.219742 0.025298 0.030093
345 0.831845 0.171462 0.021825 0.038029
345 0.859003 0.170800 0.031994 0.034061
92 0.892485 0.174438 0.031002 0.027447
12 0.893353 0.336144 0.031746 0.048611
12 0.925595 0.338790 0.026290 0.042659
