29 0.062500 0.102110 0.125000 0.181076
29 0.206140 0.110960 0.175439 0.175630
201 0.351425 0.158271 0.115132 0.097345
201 0.436404 0.165759 0.100877 0.090538
201 0.519189 0.169843 0.095395 0.087815
61 0.596491 0.172226 0.085526 0.088496
61 0.675439 0.178693 0.089912 0.082369
261 0.753289 0.182437 0.083333 0.078965
261 0.816886 0.186521 0.074561 0.073519
260 0.877193 0.188904 0.078947 0.070116
260 0.934211 0.192648 0.074561 0.068074
315 0.978070 0.197754 0.043860 0.063308
130 0.066338 0.323009 0.132675 0.159973
130 0.189145 0.320286 0.134868 0.155888
30 0.360197 0.319265 0.156798 0.142954
30 0.494518 0.318924 0.129386 0.138189
53 0.616228 0.326753 0.114035 0.106195
53 0.725329 0.325391 0.119518 0.103472
214 0.820175 0.328114 0.087719 0.072158
214 0.876096 0.330497 0.074561 0.074200
78 0.969846 0.433969 0.060307 0.072839
305 0.903509 0.439074 0.081140 0.072158
117 0.846491 0.442818 0.074561 0.079646
75 0.773026 0.449285 0.089912 0.088496
194 0.681469 0.455752 0.119518 0.094622
164 0.574561 0.456773 0.100877 0.106195
50 0.466009 0.460858 0.125000 0.106195
34 0.354167 0.633084 0.146930 0.156569
218 0.209430 0.649762 0.155702 0.174949
218 0.068531 0.665078 0.137061 0.175630
34 0.473136 0.615385 0.130482 0.129340
97 0.586623 0.602451 0.114035 0.121171
181 0.692434 0.589857 0.115132 0.115044
181 0.775219 0.578285 0.107456 0.106875
342 0.872807 0.563989 0.096491 0.098707
342 0.946272 0.555140 0.083333 0.093261
328 0.969298 0.672566 0.061404 0.047651
15 0.910636 0.685500 0.086623 0.093941
35 0.792215 0.709666 0.062500 0.087815
85 0.444627 0.768210 0.097588 0.117767
85 0.377741 0.798843 0.115132 0.138189
205 0.236842 0.846154 0.151316 0.197413
205 0.087171 0.873043 0.174342 0.196732
108 0.191338 0.492172 0.143640 0.122532
330 0.326754 0.490470 0.157895 0.093261
108 0.062500 0.501702 0.122807 0.122532
7 0.649123 0.755276 0.085526 0.071477
7 0.705592 0.735875 0.084430 0.068074
