259 0.193750 0.941875 0.134167 0.116250
266 0.304167 0.937500 0.135000 0.125000
355 0.915833 0.771563 0.168333 0.055625
355 0.914583 0.709063 0.170833 0.088125
27 0.718750 0.706250 0.180833 0.075000
122 0.569583 0.669687 0.140833 0.073125
122 0.567917 0.726562 0.157500 0.064375
122 0.567917 0.778438 0.157500 0.055625
309 0.615417 0.560312 0.217500 0.076875
309 0.619583 0.489063 0.189167 0.081875
46 0.812917 0.485312 0.200833 0.080625
46 0.820417 0.558438 0.192500 0.071875
174 0.957500 0.556562 0.085000 0.060625
174 0.957083 0.492188 0.085833 0.080625
173 0.430000 0.567187 0.181667 0.064375
173 0.427917 0.498125 0.182500 0.082500
87 0.279583 0.534062 0.115833 0.138125
334 0.146667 0.534062 0.115000 0.135625
210 0.470000 0.300625 0.103333 0.138750
19 0.713333 0.314375 0.175000 0.106250
142 0.363333 0.075313 0.136667 0.131875
206 0.223750 0.078125 0.135833 0.130000
192 0.099167 0.076875 0.195000 0.125000
222 0.501250 0.075000 0.135833 0.132500
324 0.644583 0.074375 0.142500 0.130000
111 0.764583 0.078125 0.119167 0.122500
111 0.873333 0.073438 0.108333 0.131875
146 0.957500 0.069375 0.085000 0.138750
196 0.576250 0.298750 0.094167 0.141250
45 0.195417 0.781250 0.170833 0.066250
45 0.184167 0.712187 0.183333 0.061875
45 0.360833 0.711875 0.171667 0.068750
45 0.359583 0.778438 0.174167 0.064375
266 0.412500 0.932187 0.093333 0.135625
32 0.529167 0.937500 0.100000 0.125000
32 0.631250 0.937813 0.097500 0.124375
