244 0.755750 0.243000 0.080000 0.066667
52 0.851500 0.240000 0.100500 0.076000
52 0.925625 0.243000 0.080250 0.078667
271 0.972500 0.478333 0.049500 0.154000
233 0.860250 0.526167 0.076000 0.066333
233 0.811375 0.516500 0.053750 0.072333
250 0.773375 0.521333 0.049250 0.070667
250 0.691250 0.516500 0.066500 0.080333
250 0.630750 0.513500 0.060500 0.077667
82 0.578000 0.518500 0.053000 0.070333
82 0.527250 0.518333 0.053000 0.069333
109 0.578000 0.636500 0.058500 0.090333
109 0.527125 0.636667 0.051750 0.092000
296 0.649375 0.609167 0.069750 0.054333
296 0.652250 0.657167 0.068500 0.071667
296 0.705000 0.655167 0.053500 0.066333
296 0.704000 0.610167 0.056500 0.049667
349 0.770375 0.655167 0.069750 0.066333
349 0.822125 0.657000 0.076250 0.066667
271 0.831875 0.773333 0.061750 0.066667
271 0.779125 0.772333 0.061750 0.066667
132 0.713625 0.774333 0.064750 0.066667
132 0.655125 0.775167 0.065750 0.066333
86 0.576125 0.757667 0.061750 0.060000
86 0.512625 0.750833 0.061750 0.039667
86 0.512625 0.779167 0.061750 0.060333
246 0.446125 0.748833 0.059750 0.060333
246 0.383625 0.753833 0.061750 0.054333
239 0.913375 0.073667 0.078750 0.142000
131 0.869500 0.091833 0.033500 0.102333
188 0.837750 0.096833 0.045000 0.089000
307 0.745625 0.093333 0.039250 0.082000
307 0.710875 0.085167 0.052750 0.096333
11 0.956250 0.106667 0.064000 0.090000
280 0.562125 0.076833 0.040750 0.087667
280 0.602750 0.078000 0.045000 0.082667
207 0.200125 0.509833 0.067750 0.073000
207 0.264875 0.512333 0.071250 0.071333
12 0.331625 0.511833 0.068250 0.076333
236 0.390875 0.512667 0.056750 0.077333
12 0.394375 0.512333 0.064750 0.078000
131 0.394375 0.479000 0.053250 0.011333
21 0.338875 0.476667 0.055750 0.006667
38 0.226875 0.635167 0.053750 0.113000
38 0.256625 0.623833 0.041250 0.090333
38 0.295500 0.625667 0.045500 0.093333
3 0.361750 0.657667 0.072500 0.068000
3 0.374250 0.605667 0.061000 0.054667
21 0.415875 0.613667 0.020250 0.070667
21 0.440500 0.622667 0.039000 0.088667
96 0.676750 0.934167 0.055500 0.079000
33 0.738625 0.922167 0.085750 0.090333
235 0.808750 0.936000 0.073000 0.058667
235 0.815625 0.896000 0.065750 0.038667
243 0.516500 0.952333 0.109000 0.060000
208 0.599000 0.920667 0.038000 0.043333
86 0.249875 0.945167 0.108750 0.060333
338 0.390875 0.950667 0.135750 0.071333
92 0.171750 0.322667 0.048000 0.065333
92 0.219625 0.322833 0.051750 0.065667
345 0.289750 0.338833 0.043000 0.054333
345 0.330000 0.339667 0.038500 0.052000
212 0.370375 0.345667 0.050750 0.076667
264 0.231500 0.200000 0.060500 0.057333
265 0.299750 0.211000 0.064000 0.084000
217 0.361250 0.200667 0.064500 0.072667
217 0.426250 0.216167 0.062000 0.087000
264 0.164625 0.195333 0.083250 0.088667
73 0.427750 0.067000 0.070500 0.094000
204 0.361750 0.060500 0.064500 0.069000
204 0.298625 0.058667 0.063250 0.061333
157 0.214875 0.053333 0.078250 0.094000
284 0.169000 0.080833 0.052000 0.091000
355 0.503375 0.078333 0.062250 0.079333
188 0.796125 0.089667 0.065250 0.100000
188 0.795750 0.042000 0.053000 0.079333
15 0.175500 0.700333 0.061500 0.129333
85 0.177375 0.908000 0.031250 0.143333
85 0.113625 0.910667 0.079250 0.158667
7 0.074625 0.905500 0.057750 0.171000
7 0.022000 0.915667 0.043500 0.165333
355 0.029500 0.690333 0.053500 0.161333
355 0.077375 0.682333 0.060750 0.158667
78 0.044500 0.369833 0.086000 0.127667
315 0.141500 0.389833 0.056500 0.099000
59 0.087500 0.207333 0.070000 0.133333
186 0.108500 0.077167 0.046000 0.041667
268 0.034375 0.066833 0.065750 0.069667
