284 0.030258 0.147321 0.053571 0.071098
284 0.073165 0.143353 0.048115 0.073082
284 0.121032 0.137401 0.052579 0.066468
284 0.118056 0.199074 0.051587 0.083333
284 0.073041 0.208829 0.049355 0.069114
284 0.030134 0.211806 0.045883 0.066468
73 0.028150 0.296627 0.055804 0.059524
73 0.030134 0.370040 0.059276 0.060185
73 0.066344 0.367890 0.051835 0.056548
73 0.072049 0.303571 0.057788 0.068783
204 0.118056 0.297619 0.051587 0.068783
204 0.120908 0.361111 0.051835 0.066138
157 0.160094 0.362103 0.050843 0.064153
157 0.161086 0.295800 0.045883 0.066468
264 0.202009 0.292659 0.051835 0.068783
264 0.207961 0.361442 0.051835 0.079365
217 0.251860 0.358135 0.045883 0.060185
217 0.255704 0.292824 0.053571 0.071098
217 0.293775 0.288029 0.045883 0.068783
217 0.296751 0.355324 0.045883 0.064484
345 0.326141 0.441138 0.037202 0.041667
345 0.355407 0.441303 0.049603 0.042659
0 0.384549 0.500827 0.036954 0.058532
0 0.417783 0.500827 0.039931 0.064484
82 0.458829 0.503803 0.042659 0.058532
12 0.549727 0.444279 0.045883 0.061839
12 0.607267 0.439319 0.045883 0.056548
265 0.101811 0.451224 0.055308 0.063823
265 0.060392 0.451389 0.047371 0.064815
265 0.068328 0.504134 0.045387 0.041336
265 0.108755 0.503638 0.047867 0.042328
243 0.120164 0.641204 0.089038 0.048280
243 0.120412 0.602513 0.088542 0.047619
296 0.281002 0.639385 0.047619 0.041997
296 0.324529 0.639385 0.047867 0.041997
38 0.373140 0.624008 0.037946 0.089286
38 0.409102 0.623677 0.032986 0.090608
38 0.441468 0.623677 0.035218 0.090608
38 0.474826 0.623512 0.037946 0.090939
3 0.529266 0.632110 0.058532 0.079034
3 0.588418 0.631283 0.062252 0.082672
3 0.656994 0.635251 0.067956 0.080688
21 0.713294 0.631118 0.036210 0.094246
21 0.746528 0.631779 0.040675 0.095569
21 0.786210 0.632440 0.048115 0.096892
21 0.825149 0.632440 0.048115 0.098214
21 0.861111 0.633102 0.046627 0.099537
39 0.910838 0.636574 0.042907 0.095238
39 0.945188 0.637070 0.048115 0.095569
39 0.980283 0.637566 0.039435 0.097222
207 0.790303 0.445933 0.059772 0.066468
207 0.732267 0.446759 0.063740 0.068122
207 0.730035 0.506448 0.059772 0.053241
207 0.790055 0.505126 0.059772 0.055886
250 0.846974 0.445271 0.036706 0.068452
250 0.850570 0.501653 0.043899 0.054894
250 0.894097 0.497354 0.045139 0.064153
233 0.950273 0.492394 0.045387 0.078704
233 0.984871 0.488426 0.027778 0.086640
12 0.614211 0.498512 0.037450 0.047950
12 0.658978 0.498347 0.034722 0.047619
12 0.553695 0.507275 0.046379 0.050926
109 0.231275 0.715278 0.051339 0.050926
109 0.274926 0.716435 0.049355 0.053902
152 0.318576 0.718089 0.050843 0.057209
152 0.365575 0.722057 0.050595 0.058532
152 0.369668 0.771495 0.047371 0.044974
152 0.325025 0.768022 0.049355 0.043981
109 0.275422 0.761409 0.043403 0.038029
109 0.234375 0.760086 0.042163 0.040013
86 0.422123 0.723876 0.059028 0.051587
86 0.478175 0.725033 0.061012 0.054563
86 0.541791 0.727513 0.061260 0.058862
86 0.551835 0.775628 0.041667 0.040675
86 0.472594 0.769676 0.042411 0.040675
86 0.423115 0.768519 0.060516 0.041005
349 0.723214 0.787864 0.056052 0.057209
349 0.668031 0.785384 0.054315 0.056217
349 0.720238 0.730655 0.055060 0.063823
349 0.665427 0.728671 0.055060 0.059854
349 0.607143 0.729828 0.052579 0.061508
86 0.599702 0.778108 0.043651 0.042989
96 0.904390 0.743717 0.060764 0.064153
96 0.960938 0.745701 0.061756 0.068122
96 0.957093 0.800926 0.063988 0.050265
96 0.901786 0.797619 0.056052 0.050926
329 0.123884 0.729828 0.051339 0.089286
329 0.170511 0.739418 0.062252 0.097222
296 0.231399 0.635251 0.046131 0.048942
296 0.194444 0.634259 0.048611 0.050926
92 0.145213 0.518022 0.031994 0.040675
92 0.170511 0.519511 0.033978 0.044974
92 0.207341 0.519511 0.044643 0.044974
246 0.242436 0.840278 0.058780 0.055556
246 0.295387 0.841766 0.058532 0.059193
246 0.240823 0.887070 0.055556 0.049934
246 0.294395 0.891534 0.061012 0.052249
338 0.382564 0.854993 0.110863 0.067791
338 0.382564 0.904266 0.089038 0.044643
132 0.528274 0.851190 0.058532 0.057540
132 0.475322 0.899967 0.059276 0.046627
132 0.530754 0.905423 0.053571 0.039021
62 0.146825 0.845734 0.066468 0.096230
62 0.185020 0.851025 0.050595 0.095569
208 0.722966 0.918981 0.039187 0.056878
208 0.664807 0.917328 0.050347 0.055556
235 0.781746 0.909226 0.070437 0.101521
33 0.864335 0.913856 0.085317 0.110780
33 0.932788 0.902778 0.074405 0.089286
52 0.726438 0.066468 0.068452 0.066799
52 0.791667 0.065807 0.068452 0.065476
52 0.724454 0.148975 0.064484 0.066468
52 0.789187 0.145503 0.069444 0.070106
333 0.862475 0.129960 0.066220 0.093915
333 0.924107 0.128968 0.068452 0.095238
244 0.649430 0.162202 0.066220 0.075728
239 0.171627 0.186839 0.049603 0.101190
239 0.212178 0.188161 0.042907 0.091931
188 0.247148 0.193948 0.039931 0.074405
188 0.278398 0.191799 0.040427 0.076720
188 0.312376 0.187169 0.038938 0.076058
307 0.350074 0.183036 0.041419 0.079696
307 0.384549 0.179894 0.041419 0.080688
307 0.418403 0.178075 0.037202 0.079696
280 0.457713 0.170139 0.038938 0.084987
280 0.492188 0.168651 0.038442 0.087963
280 0.524926 0.166005 0.033978 0.087963
345 0.317832 0.515873 0.034970 0.041667
345 0.351314 0.517196 0.027034 0.041005
271 0.784846 0.787864 0.042411 0.041336
271 0.831349 0.792824 0.049107 0.053902
132 0.470362 0.847884 0.057788 0.052249
