73 0.207961 0.189319 0.045883 0.063823
204 0.255704 0.180390 0.044147 0.056548
284 0.309524 0.157903 0.053571 0.066468
284 0.355407 0.151124 0.060516 0.070767
157 0.355283 0.073082 0.065724 0.095238
280 0.426711 0.123843 0.045883 0.083003
307 0.465650 0.111111 0.042907 0.091931
307 0.501736 0.107308 0.037202 0.087632
307 0.536954 0.089616 0.039187 0.091931
307 0.576017 0.080026 0.048859 0.099868
11 0.672619 0.055556 0.112103 0.110450
11 0.755704 0.045966 0.083333 0.091931
52 0.742063 0.187335 0.097718 0.097553
52 0.655134 0.205853 0.081101 0.083003
52 0.580977 0.218585 0.069692 0.071429
280 0.443204 0.043816 0.042659 0.086971
217 0.334821 0.258763 0.054563 0.063823
265 0.274306 0.271329 0.057540 0.059854
265 0.227431 0.275132 0.044147 0.062169
12 0.326141 0.465608 0.038194 0.049603
12 0.288938 0.463790 0.034722 0.047950
3 0.372024 0.456515 0.053571 0.077712
3 0.422743 0.456845 0.061756 0.079034
250 0.482267 0.469577 0.038938 0.052910
250 0.508681 0.478340 0.045635 0.053241
250 0.555556 0.479332 0.051587 0.059854
233 0.612227 0.478340 0.042907 0.076389
233 0.659102 0.484127 0.057788 0.069444
233 0.698041 0.486111 0.045883 0.069444
233 0.727431 0.463790 0.045635 0.056548
296 0.475942 0.569775 0.028770 0.087963
296 0.515873 0.541997 0.042659 0.043651
296 0.562252 0.547123 0.050595 0.044643
296 0.495908 0.605820 0.050843 0.069444
296 0.545511 0.613757 0.055308 0.072751
349 0.601811 0.625000 0.057788 0.071429
349 0.660466 0.636078 0.063988 0.074405
349 0.725446 0.645999 0.071925 0.079696
21 0.377356 0.568783 0.031002 0.085979
21 0.408110 0.566799 0.033978 0.098545
21 0.448289 0.566964 0.027530 0.083664
243 0.146701 0.479663 0.060764 0.040675
243 0.165551 0.444610 0.035466 0.034061
62 0.109127 0.575893 0.034226 0.070437
329 0.170387 0.551918 0.056548 0.064153
296 0.162822 0.602513 0.077133 0.056217
271 0.591270 0.763228 0.050595 0.068122
96 0.647197 0.778108 0.058780 0.075397
96 0.708333 0.796462 0.066964 0.080357
208 0.442336 0.868882 0.034474 0.063823
235 0.487971 0.878472 0.060764 0.096892
235 0.547743 0.892692 0.065228 0.125331
33 0.614459 0.919643 0.076141 0.137566
33 0.692212 0.917163 0.084325 0.142526
271 0.432168 0.713294 0.044891 0.063492
132 0.386409 0.705522 0.050099 0.061839
132 0.400794 0.655093 0.072917 0.063492
246 0.375372 0.822255 0.048363 0.059193
246 0.377356 0.780919 0.043899 0.059193
246 0.332093 0.782077 0.056548 0.060847
246 0.332093 0.819114 0.042163 0.047619
38 0.326141 0.560020 0.028274 0.078373
38 0.306920 0.556878 0.030506 0.078042
39 0.282490 0.554563 0.027282 0.073413
39 0.263269 0.554067 0.023065 0.066468
39 0.246404 0.546131 0.026042 0.070437
271 0.485739 0.713624 0.048859 0.071429
271 0.483879 0.667163 0.047123 0.049934
271 0.546007 0.712136 0.036954 0.064484
338 0.206225 0.761243 0.060764 0.067460
338 0.207961 0.715939 0.038442 0.045635
333 0.692584 0.319775 0.068204 0.103175
333 0.762649 0.313823 0.084821 0.109788
92 0.342882 0.357308 0.031994 0.053241
92 0.318452 0.358466 0.017857 0.047619
92 0.306176 0.359788 0.019097 0.044974
345 0.268973 0.357970 0.024058 0.040013
345 0.245660 0.361111 0.021577 0.035053
355 0.245412 0.463624 0.032490 0.054894
78 0.114583 0.348049 0.035218 0.072421
305 0.088914 0.349372 0.027530 0.063823
78 0.055308 0.351190 0.036210 0.068783
223 0.071801 0.454034 0.030010 0.062169
223 0.110863 0.459821 0.033234 0.063823
166 0.080357 0.563492 0.033730 0.082672
166 0.054563 0.555721 0.031250 0.070437
97 0.035962 0.556878 0.030754 0.076058
7 0.052207 0.663360 0.034970 0.061508
221 0.130332 0.658730 0.052827 0.055556
221 0.185268 0.673611 0.064484 0.047619
221 0.142237 0.728671 0.030010 0.053241
221 0.113591 0.719246 0.031250 0.055556
328 0.046627 0.460648 0.026290 0.065476
328 0.030630 0.463459 0.034970 0.074405
315 0.036086 0.365410 0.030010 0.054894
315 0.024306 0.367560 0.028274 0.045966
164 0.020833 0.231647 0.036210 0.094907
164 0.050347 0.219907 0.041171 0.092593
143 0.119792 0.223380 0.041171 0.050595
316 0.086682 0.238757 0.044891 0.030423
