222 0.123060 0.144282 0.048041 0.061170
142 0.168884 0.144282 0.055432 0.077128
324 0.229860 0.144282 0.048780 0.070479
192 0.307095 0.145612 0.055432 0.071809
71 0.688470 0.149269 0.059867 0.049867
9 0.754989 0.149269 0.055432 0.047207
344 0.852550 0.150266 0.082040 0.047872
1 0.909091 0.278923 0.048780 0.045878
1 0.872506 0.281582 0.045085 0.045878
225 0.760532 0.267620 0.048780 0.063165
103 0.714708 0.267620 0.048780 0.061835
248 0.666667 0.267620 0.048780 0.064495
210 0.617886 0.267620 0.048780 0.061835
165 0.569106 0.267952 0.045824 0.059840
249 0.521064 0.270279 0.045824 0.061835
196 0.472284 0.267620 0.045824 0.061835
332 0.428677 0.267952 0.045824 0.059840
111 0.382853 0.270279 0.048780 0.053856
111 0.342203 0.269947 0.048780 0.053191
111 0.293422 0.269947 0.045824 0.053191
111 0.246859 0.270279 0.048780 0.053856
111 0.203252 0.268949 0.045824 0.053856
137 0.160384 0.272939 0.048780 0.052527
137 0.114560 0.272606 0.039911 0.047872
272 0.058758 0.388630 0.061345 0.097739
272 0.095713 0.385971 0.065780 0.100399
160 0.161493 0.388630 0.056911 0.088431
160 0.212121 0.388630 0.056171 0.092420
304 0.266445 0.389960 0.052476 0.091090
304 0.313378 0.389960 0.056171 0.092420
178 0.362158 0.392287 0.042868 0.082447
178 0.408721 0.394947 0.045824 0.078457
146 0.452698 0.398604 0.042129 0.072473
146 0.488914 0.400931 0.039172 0.067819
146 0.524390 0.402261 0.039172 0.067819
306 0.581301 0.394947 0.065780 0.090426
306 0.632299 0.393617 0.039172 0.090426
99 0.704730 0.385971 0.090909 0.101729
98 0.769401 0.408577 0.050259 0.061835
337 0.820399 0.410904 0.048780 0.061170
334 0.866962 0.410904 0.048780 0.061170
355 0.840355 0.531915 0.054693 0.065160
184 0.794531 0.528258 0.038433 0.064495
27 0.686253 0.533245 0.077605 0.061170
189 0.681079 0.484707 0.076127 0.042553
245 0.752033 0.527261 0.055432 0.067819
282 0.516999 0.645612 0.065780 0.058511
282 0.441981 0.645279 0.082779 0.053856
282 0.366223 0.637301 0.074649 0.063165
282 0.295639 0.634309 0.073910 0.078457
63 0.225055 0.627327 0.061345 0.095080
63 0.177014 0.624335 0.061345 0.085106
171 0.129342 0.624335 0.060606 0.077128
160 0.094974 0.624335 0.065780 0.071809
100 0.099409 0.726396 0.061345 0.072473
100 0.151885 0.735372 0.056911 0.087766
49 0.217295 0.744016 0.063562 0.087766
304 0.375831 0.741356 0.065780 0.097074
304 0.448263 0.744016 0.074649 0.097074
252 0.519956 0.745346 0.074649 0.085106
32 0.720621 0.747673 0.063562 0.088431
298 0.897635 0.866024 0.056911 0.095080
298 0.847376 0.866024 0.052476 0.089761
298 0.800813 0.872340 0.056911 0.094415
56 0.746489 0.868684 0.048780 0.097739
56 0.695492 0.875997 0.060606 0.100399
259 0.641907 0.885638 0.052476 0.070479
259 0.593865 0.887965 0.056911 0.067154
341 0.521064 0.860040 0.062084 0.096410
341 0.459719 0.868684 0.065041 0.111037
340 0.385070 0.871343 0.070953 0.113697
340 0.325942 0.861037 0.056171 0.090426
347 0.269401 0.866024 0.053954 0.097739
347 0.214339 0.871011 0.056171 0.094415
347 0.160754 0.871011 0.052476 0.094415
141 0.124908 0.841090 0.039911 0.082447
141 0.058758 0.862367 0.056911 0.105053
32 0.776792 0.751330 0.057650 0.082447
125 0.850333 0.764960 0.065780 0.067154
49 0.322616 0.736702 0.053954 0.087766
49 0.273836 0.735372 0.056911 0.085106
314 0.536585 0.146941 0.066519 0.050532
126 0.612712 0.148604 0.069475 0.048537
200 0.936438 0.102726 0.081301 0.053856
200 0.936438 0.149934 0.076866 0.041888
46 0.605322 0.509309 0.081301 0.041223
46 0.605322 0.544880 0.079823 0.031250
87 0.522912 0.508311 0.068736 0.040559
87 0.524390 0.543883 0.068736 0.030585
247 0.325942 0.511968 0.059128 0.090426
151 0.205839 0.509973 0.061345 0.093085
151 0.161863 0.515293 0.039911 0.079787
83 0.630451 0.605053 0.048780 0.043883
83 0.633777 0.652593 0.052476 0.053856
89 0.577975 0.652593 0.051737 0.048537
189 0.728381 0.628324 0.080562 0.042553
189 0.732077 0.663896 0.076127 0.032580
45 0.815595 0.663896 0.083518 0.033910
45 0.814117 0.627992 0.086475 0.041888
173 0.906135 0.661569 0.091648 0.045213
173 0.898744 0.623005 0.079823 0.034574
20 0.622321 0.720745 0.050259 0.045213
20 0.618995 0.767287 0.046563 0.050532
215 0.670362 0.771941 0.053215 0.053191
40 0.384701 0.512965 0.048041 0.091090
40 0.457132 0.512965 0.048041 0.088431
