280 0.386458 0.062284 0.039583 0.089965
280 0.438281 0.132526 0.039062 0.058824
280 0.399219 0.135294 0.040104 0.056055
280 0.364063 0.136332 0.027083 0.055363
239 0.293750 0.137370 0.034375 0.061592
239 0.258594 0.138408 0.036979 0.069204
239 0.227344 0.138408 0.032813 0.069204
228 0.172656 0.153633 0.051562 0.092734
228 0.114062 0.157785 0.054167 0.092734
70 0.053646 0.161938 0.052083 0.088581
109 0.017448 0.153979 0.034896 0.097578
152 0.163802 0.335640 0.050521 0.056747
152 0.216406 0.336678 0.050521 0.053287
152 0.218490 0.274048 0.056771 0.066436
152 0.163802 0.274048 0.054688 0.063668
349 0.280990 0.271972 0.043229 0.058131
349 0.323958 0.271280 0.051042 0.056747
349 0.382552 0.269204 0.050521 0.059516
349 0.437240 0.269204 0.050521 0.059516
66 0.499740 0.280969 0.069271 0.062284
66 0.572917 0.276817 0.076042 0.062284
243 0.674740 0.271972 0.118229 0.056747
243 0.674479 0.323875 0.116667 0.065052
66 0.572917 0.332526 0.078125 0.057439
66 0.498958 0.334602 0.069792 0.056055
349 0.437240 0.332872 0.050521 0.056747
349 0.382552 0.332872 0.050521 0.056747
349 0.323958 0.329758 0.051042 0.053287
349 0.277083 0.329758 0.051042 0.051903
207 0.437240 0.488927 0.049479 0.064360
207 0.494792 0.487197 0.051042 0.056747
207 0.543750 0.487889 0.045833 0.059516
233 0.600521 0.496886 0.045833 0.056747
233 0.654948 0.496886 0.050521 0.058131
233 0.692969 0.496540 0.024479 0.061592
21 0.692969 0.441176 0.030729 0.068512
233 0.655208 0.439100 0.045833 0.064360
233 0.600521 0.439100 0.045833 0.064360
207 0.543750 0.435986 0.036458 0.066436
207 0.492708 0.434256 0.045833 0.064360
250 0.736198 0.436332 0.043229 0.061592
250 0.779167 0.439792 0.045833 0.064360
250 0.821875 0.439792 0.042708 0.064360
250 0.736198 0.496540 0.049479 0.061592
250 0.801302 0.499654 0.049479 0.062284
12 0.215625 0.485121 0.058333 0.060900
236 0.267448 0.484775 0.059896 0.062976
236 0.321615 0.487543 0.053646 0.061592
82 0.893229 0.438754 0.064583 0.078893
82 0.879687 0.501038 0.039583 0.070588
82 0.925000 0.503114 0.057292 0.070588
82 0.973698 0.507266 0.048438 0.062284
82 0.971875 0.441869 0.054167 0.075433
82 0.914844 0.431488 0.039062 0.064360
52 0.780469 0.241176 0.064062 0.062976
52 0.843490 0.239100 0.067187 0.065744
52 0.845052 0.318685 0.067187 0.061592
52 0.780729 0.319031 0.064583 0.062284
244 0.967448 0.240830 0.060937 0.080277
244 0.967187 0.319031 0.061458 0.074740
244 0.914583 0.318685 0.048958 0.076817
109 0.339062 0.560554 0.043750 0.058131
109 0.386979 0.572664 0.055208 0.067128
109 0.435937 0.574394 0.048958 0.047059
109 0.435937 0.623183 0.048958 0.056055
109 0.386198 0.623529 0.047396 0.053979
109 0.338542 0.622837 0.056250 0.060900
21 0.490365 0.614533 0.040104 0.092734
21 0.529427 0.615571 0.035937 0.094810
21 0.596875 0.617647 0.038542 0.098962
39 0.724219 0.616263 0.041146 0.083737
39 0.763802 0.617993 0.041146 0.085813
39 0.803125 0.619377 0.039583 0.089965
132 0.860938 0.574394 0.063542 0.047059
132 0.929948 0.577855 0.076563 0.047059
132 0.868750 0.659170 0.075000 0.051903
132 0.948177 0.661246 0.077604 0.053287
246 0.857812 0.729758 0.068750 0.054671
246 0.869792 0.785467 0.041667 0.058131
246 0.926042 0.728028 0.070833 0.042907
246 0.927344 0.806574 0.077604 0.065744
246 0.694010 0.792734 0.103646 0.054671
338 0.696354 0.736678 0.131250 0.072664
338 0.552083 0.780623 0.096875 0.044291
338 0.559375 0.720069 0.118750 0.022837
338 0.563542 0.693772 0.109375 0.033910
84 0.423177 0.715917 0.129688 0.074048
84 0.421875 0.769550 0.091667 0.048443
84 0.296615 0.707612 0.120313 0.064360
84 0.296615 0.758131 0.083854 0.049135
86 0.154948 0.701038 0.069271 0.056747
86 0.159115 0.750519 0.043229 0.046367
86 0.199740 0.746713 0.039062 0.052595
86 0.090625 0.694464 0.064583 0.061592
86 0.086198 0.744637 0.041146 0.040138
86 0.049219 0.739792 0.041146 0.045675
86 0.042188 0.691003 0.051042 0.056055
296 0.111979 0.561938 0.048958 0.059516
296 0.159896 0.562976 0.048958 0.058824
296 0.113542 0.612803 0.048958 0.047751
296 0.160417 0.612457 0.047917 0.048443
296 0.219271 0.559516 0.055208 0.051903
296 0.211979 0.617993 0.040625 0.044291
296 0.253646 0.618685 0.043750 0.042907
109 0.264583 0.560208 0.043750 0.053287
68 0.490104 0.064014 0.039583 0.090657
68 0.489583 0.133218 0.038542 0.053287
68 0.527344 0.060208 0.035937 0.092734
68 0.527344 0.130450 0.036979 0.053287
68 0.564323 0.058478 0.040104 0.093426
68 0.566146 0.128374 0.041667 0.054671
307 0.631510 0.053979 0.041146 0.084429
188 0.624740 0.122145 0.040104 0.056055
307 0.664844 0.119377 0.041146 0.058824
307 0.679427 0.048789 0.042188 0.086505
307 0.715885 0.049481 0.033854 0.087889
307 0.707031 0.117993 0.043229 0.057439
188 0.848698 0.107612 0.047396 0.062976
188 0.805208 0.111073 0.045833 0.061592
188 0.761458 0.113149 0.044792 0.062976
271 0.200781 0.903460 0.040104 0.069896
271 0.207813 0.845329 0.043750 0.057439
271 0.240625 0.919377 0.048958 0.065744
271 0.245312 0.858478 0.055208 0.068512
271 0.290104 0.873702 0.057292 0.071280
271 0.288021 0.929758 0.051042 0.051903
271 0.337240 0.925606 0.061979 0.071280
271 0.342969 0.859170 0.057813 0.067128
271 0.392708 0.925260 0.051042 0.070588
271 0.392708 0.874394 0.048958 0.068512
278 0.448958 0.907266 0.051042 0.106574
278 0.498437 0.919031 0.051042 0.095502
329 0.705729 0.940830 0.076042 0.118339
329 0.635417 0.923183 0.066667 0.103806
329 0.569531 0.926298 0.069271 0.133564
62 0.791146 0.946367 0.079167 0.105882
62 0.875781 0.947751 0.080729 0.103114
33 0.140365 0.881661 0.065104 0.114879
33 0.085677 0.874048 0.069271 0.103806
8 0.029948 0.873010 0.059896 0.101730
0 0.046615 0.481315 0.033854 0.050519
0 0.080208 0.482007 0.028125 0.058824
92 0.103385 0.488927 0.038021 0.046367
92 0.159115 0.476125 0.036979 0.053979
