265 0.049934 0.042907 0.082011 0.085813
284 0.143188 0.048859 0.109788 0.097718
284 0.248677 0.072793 0.097884 0.092510
217 0.336144 0.077257 0.084987 0.069196
217 0.415013 0.087302 0.079365 0.062996
217 0.441138 0.150918 0.087302 0.073165
217 0.353175 0.144965 0.093915 0.074653
284 0.254960 0.140873 0.093254 0.070933
284 0.159226 0.130704 0.104828 0.081845
265 0.057209 0.123636 0.097222 0.083085
188 0.690807 0.161830 0.055556 0.082589
188 0.636243 0.157862 0.060847 0.085565
280 0.838624 0.172991 0.057540 0.077629
280 0.885086 0.176463 0.045966 0.076637
157 0.116071 0.322917 0.105820 0.073413
73 0.218750 0.324777 0.098876 0.069692
73 0.311508 0.325521 0.088624 0.069196
204 0.388889 0.328125 0.069444 0.062996
264 0.565311 0.328001 0.082341 0.064732
264 0.541832 0.263517 0.068452 0.065724
150 0.468254 0.261905 0.080026 0.068948
204 0.363261 0.264137 0.119378 0.066964
73 0.268849 0.264013 0.074074 0.055308
73 0.191964 0.263517 0.081680 0.061756
92 0.073247 0.506324 0.075728 0.063740
92 0.143353 0.503596 0.075066 0.060268
92 0.205688 0.492188 0.062831 0.054812
212 0.281746 0.483631 0.065476 0.055060
212 0.337302 0.481647 0.063492 0.052083
345 0.421462 0.485491 0.068452 0.062252
345 0.477844 0.482267 0.065476 0.059772
244 0.643849 0.474206 0.091270 0.056052
244 0.643849 0.417907 0.090608 0.060020
244 0.724702 0.470610 0.084987 0.058284
244 0.719246 0.416171 0.070106 0.060020
236 0.787864 0.417287 0.069114 0.052331
236 0.800430 0.467634 0.076389 0.054315
236 0.868056 0.416791 0.093915 0.058284
236 0.868056 0.466642 0.076720 0.048363
207 0.926918 0.460813 0.055556 0.050595
207 0.967262 0.457341 0.061508 0.053075
39 0.966766 0.548983 0.055225 0.078125
21 0.882440 0.550843 0.053241 0.086310
21 0.843915 0.558408 0.062169 0.081101
296 0.377976 0.620784 0.091270 0.069940
296 0.290013 0.623264 0.095238 0.067460
109 0.193452 0.638269 0.100529 0.075645
109 0.089286 0.657118 0.114418 0.065228
3 0.555225 0.585565 0.103836 0.076389
3 0.461806 0.585317 0.095569 0.076885
209 0.423280 0.608135 0.019180 0.041667
38 0.686177 0.575769 0.057540 0.086062
38 0.731481 0.571181 0.042328 0.083829
349 0.867394 0.644717 0.062169 0.055804
349 0.924934 0.641865 0.068122 0.050099
349 0.930225 0.682912 0.058862 0.044395
349 0.870701 0.685268 0.068783 0.041667
329 0.130952 0.769097 0.122354 0.117560
329 0.246362 0.738591 0.099206 0.115079
329 0.353009 0.715898 0.100198 0.098462
86 0.486442 0.700645 0.099206 0.058532
86 0.482804 0.750372 0.091931 0.055804
86 0.583829 0.724578 0.088955 0.057788
86 0.666997 0.717138 0.094577 0.063244
152 0.747024 0.706101 0.068122 0.056548
84 0.417163 0.907986 0.207341 0.104663
338 0.604001 0.835069 0.138558 0.079861
246 0.723214 0.826513 0.088624 0.068204
246 0.762070 0.820188 0.020833 0.056548
246 0.790675 0.797619 0.078042 0.060516
246 0.895007 0.809276 0.094246 0.066468
62 0.127315 0.928571 0.121693 0.141865
62 0.245536 0.922743 0.117394 0.124752
0 0.539683 0.479663 0.059524 0.056548
84 0.406581 0.848834 0.214616 0.082093
150 0.480489 0.333085 0.103175 0.069444
