311 0.030025 0.039828 0.060049 0.079657
333 0.085784 0.037990 0.080270 0.075980
294 0.207721 0.042892 0.178922 0.085784
5 0.366115 0.066381 0.131127 0.046160
5 0.501838 0.045956 0.151961 0.091912
5 0.501838 0.061479 0.145833 0.061683
38 0.501838 0.207925 0.047794 0.121732
38 0.459712 0.209763 0.048713 0.117239
38 0.414828 0.211601 0.045956 0.116013
38 0.369945 0.209763 0.047488 0.119690
228 0.309436 0.205882 0.074142 0.123366
228 0.240043 0.212827 0.071385 0.112745
228 0.174632 0.208742 0.074142 0.117647
70 0.108303 0.210580 0.070772 0.108252
70 0.037071 0.207721 0.074142 0.109069
349 0.170650 0.628676 0.067402 0.068627
349 0.231311 0.626838 0.064951 0.066585
349 0.290901 0.626838 0.061581 0.066585
349 0.352328 0.623775 0.061887 0.064542
349 0.411918 0.623775 0.057292 0.065359
296 0.468597 0.621936 0.061581 0.064134
296 0.526195 0.619894 0.054841 0.061683
296 0.582874 0.621936 0.061581 0.069036
296 0.636642 0.621936 0.061887 0.069036
296 0.693168 0.621936 0.057292 0.064134
132 0.787837 0.619894 0.064645 0.064134
132 0.852328 0.617851 0.077819 0.066585
132 0.909007 0.607230 0.061887 0.060049
271 0.964767 0.613154 0.067402 0.064542
86 0.960784 0.704044 0.072304 0.060049
86 0.903186 0.707721 0.069853 0.054330
86 0.836857 0.707925 0.079350 0.062092
246 0.505668 0.758578 0.069547 0.066176
239 0.782322 0.049632 0.049939 0.098448
239 0.822610 0.049632 0.056985 0.098448
239 0.864583 0.049632 0.058211 0.098448
39 0.812194 0.217525 0.033701 0.113154
39 0.842831 0.219567 0.050245 0.109886
39 0.889400 0.216095 0.065564 0.116013
39 0.930913 0.218750 0.061581 0.111520
39 0.969363 0.217525 0.056373 0.109069
21 0.600337 0.209355 0.053002 0.122958
21 0.679841 0.213848 0.055147 0.115605
21 0.724877 0.212418 0.059436 0.119281
21 0.757966 0.214461 0.041054 0.116830
66 0.692249 0.361315 0.075061 0.053513
66 0.769914 0.361928 0.083333 0.054739
66 0.848499 0.362541 0.078738 0.053513
244 0.909620 0.367647 0.053309 0.044118
244 0.965839 0.362949 0.066483 0.051879
271 0.920956 0.478758 0.063725 0.063725
258 0.959559 0.476103 0.039216 0.061683
26 0.983762 0.476103 0.029412 0.061683
92 0.378523 0.474060 0.041973 0.056781
92 0.418352 0.475694 0.041360 0.053513
92 0.461244 0.474265 0.041360 0.056373
92 0.498468 0.473652 0.038603 0.055964
92 0.540441 0.480392 0.045343 0.069444
345 0.578585 0.472222 0.041973 0.053105
92 0.613817 0.472222 0.041360 0.053105
345 0.657782 0.473652 0.047181 0.055964
345 0.699602 0.476103 0.042586 0.051062
212 0.744179 0.479575 0.048407 0.067810
212 0.787071 0.479575 0.055147 0.066993
212 0.824908 0.479575 0.050551 0.067810
212 0.867800 0.480188 0.037684 0.069036
246 0.575368 0.767770 0.067402 0.055147
246 0.642157 0.767770 0.065564 0.055147
246 0.707108 0.766953 0.067402 0.053513
86 0.774663 0.765727 0.066483 0.051062
86 0.838388 0.764910 0.064645 0.049428
86 0.901042 0.762663 0.071078 0.044935
86 0.956801 0.761846 0.064951 0.043301
329 0.261489 0.923203 0.080576 0.109477
329 0.186121 0.925449 0.079963 0.113971
329 0.120558 0.921160 0.079350 0.105392
338 0.370864 0.943219 0.141850 0.067810
338 0.507659 0.939134 0.133578 0.059641
84 0.648131 0.928309 0.135723 0.073121
84 0.776348 0.924632 0.132966 0.065768
243 0.910386 0.877247 0.120404 0.066585
243 0.902574 0.925449 0.103554 0.044526
243 0.973039 0.913603 0.053309 0.057598
243 0.980545 0.864992 0.038297 0.042075
246 0.438113 0.770629 0.067402 0.062500
246 0.370711 0.772059 0.071078 0.065359
150 0.310355 0.775327 0.049020 0.068627
150 0.263480 0.776552 0.052696 0.063725
150 0.214154 0.768791 0.054534 0.069444
204 0.154412 0.759395 0.050245 0.065359
204 0.071385 0.778186 0.053922 0.057190
73 0.120404 0.666667 0.053922 0.075980
73 0.066483 0.665850 0.056373 0.071078
73 0.022672 0.653186 0.043505 0.071078
264 0.022059 0.778595 0.043505 0.069444
