187 0.574616 0.180452 0.127859 0.117486
197 0.674166 0.193120 0.107237 0.113015
197 0.747282 0.207650 0.098238 0.099851
197 0.818148 0.222429 0.082490 0.096622
194 0.775966 0.374069 0.065617 0.084948
194 0.841395 0.376925 0.075741 0.076751
75 0.897825 0.378788 0.062617 0.071038
75 0.945444 0.380899 0.066367 0.066816
47 0.959880 0.495156 0.047244 0.063835
47 0.923322 0.495281 0.048369 0.064580
117 0.886764 0.499255 0.051744 0.064580
148 0.825834 0.500248 0.055118 0.071038
148 0.778215 0.502111 0.058868 0.071287
14 0.726284 0.507079 0.065242 0.080725
14 0.674166 0.512916 0.071241 0.087928
328 0.603300 0.516766 0.067492 0.087680
328 0.549119 0.520616 0.072366 0.091903
330 0.914511 0.589170 0.058493 0.080974
223 0.970191 0.585196 0.059618 0.068554
205 0.978065 0.682067 0.043870 0.099851
205 0.939820 0.692871 0.070866 0.113015
205 0.886764 0.699702 0.068991 0.105315
50 0.836895 0.605812 0.101237 0.082464
23 0.070304 0.085196 0.139858 0.168902
23 0.211286 0.098733 0.162355 0.181570
23 0.350394 0.125807 0.144357 0.166667
187 0.476940 0.157973 0.122235 0.137606
191 0.044244 0.336811 0.083990 0.138599
191 0.162542 0.341157 0.163855 0.134873
162 0.314773 0.348361 0.151106 0.122454
162 0.441507 0.355564 0.124109 0.111525
121 0.455381 0.516269 0.113611 0.123944
121 0.342520 0.523472 0.130109 0.135867
30 0.208286 0.532166 0.149606 0.148286
30 0.070491 0.539369 0.136483 0.161699
130 0.312711 0.687904 0.125234 0.150273
130 0.429696 0.672131 0.131984 0.130651
53 0.450506 0.849354 0.123360 0.134377
53 0.336520 0.868107 0.124859 0.128167
34 0.226659 0.906110 0.163855 0.187779
34 0.081365 0.922131 0.158230 0.155738
29 0.071429 0.737581 0.139108 0.152260
29 0.184477 0.703800 0.140982 0.144312
218 0.561680 0.802534 0.092988 0.158967
218 0.638733 0.780800 0.088114 0.148783
218 0.703412 0.758693 0.087739 0.135370
218 0.742782 0.725782 0.063742 0.106309
181 0.754218 0.616120 0.066367 0.101590
181 0.687664 0.624690 0.094488 0.112270
97 0.615486 0.639965 0.106862 0.115996
97 0.539370 0.654247 0.100112 0.112270
205 0.816835 0.723920 0.071616 0.120964
