5 0.108627 0.200264 0.072157 0.171561
5 0.063725 0.199439 0.072549 0.179809
244 0.139412 0.323985 0.112549 0.071923
244 0.233725 0.323161 0.094118 0.066315
244 0.304706 0.319202 0.072157 0.061696
244 0.232157 0.378753 0.092549 0.054108
244 0.313922 0.376608 0.072549 0.053118
244 0.156471 0.384362 0.090980 0.054108
52 0.406667 0.358133 0.094118 0.046519
52 0.500784 0.351369 0.089412 0.042230
52 0.425098 0.309469 0.077647 0.054108
52 0.500784 0.309469 0.081569 0.048169
3 0.839020 0.322171 0.029412 0.045200
271 0.528627 0.553118 0.062745 0.049159
271 0.567255 0.546189 0.055294 0.047839
11 0.209020 0.198449 0.118431 0.111844
11 0.283333 0.194490 0.113333 0.122402
270 0.381176 0.215111 0.112941 0.086440
239 0.506275 0.140383 0.028235 0.049159
239 0.528039 0.143517 0.016078 0.045530
239 0.554118 0.145332 0.031373 0.047179
239 0.514706 0.220059 0.021569 0.049489
239 0.540196 0.221049 0.035686 0.048169
3 0.867255 0.322006 0.024706 0.040911
3 0.889412 0.320026 0.028235 0.040251
3 0.906863 0.319202 0.023922 0.037941
250 0.933333 0.381062 0.027451 0.025074
250 0.934706 0.358298 0.030980 0.022435
233 0.906471 0.387166 0.010588 0.027384
233 0.888235 0.389970 0.028235 0.028373
207 0.676078 0.393764 0.036078 0.043880
207 0.675294 0.429066 0.034510 0.035962
207 0.703725 0.423952 0.028627 0.034972
207 0.706471 0.389310 0.035686 0.042230
207 0.731961 0.386506 0.030980 0.038601
207 0.732549 0.419663 0.028235 0.032992
12 0.762157 0.382877 0.026275 0.038601
12 0.777647 0.378918 0.032157 0.035302
12 0.801176 0.375949 0.029020 0.033322
82 0.821176 0.375949 0.014118 0.030683
82 0.838431 0.373969 0.025098 0.029363
82 0.841765 0.400858 0.016863 0.027714
82 0.825882 0.402837 0.018039 0.028373
236 0.806863 0.405807 0.027059 0.031013
236 0.785294 0.409766 0.022353 0.031673
236 0.762353 0.413890 0.026667 0.032662
92 0.226078 0.496206 0.059216 0.040911
92 0.220392 0.444078 0.048627 0.036952
92 0.265686 0.440614 0.041176 0.035302
92 0.277843 0.490597 0.047451 0.038931
92 0.322745 0.434345 0.043137 0.041241
92 0.324706 0.483174 0.047843 0.035302
92 0.364510 0.477730 0.033333 0.034312
92 0.362157 0.429396 0.038824 0.041241
212 0.395882 0.422963 0.030196 0.035632
212 0.426471 0.419663 0.035686 0.036292
212 0.449412 0.415869 0.007843 0.032003
212 0.438627 0.462389 0.029412 0.030683
212 0.407059 0.468822 0.036078 0.036292
345 0.470392 0.415210 0.032549 0.035302
345 0.474902 0.462389 0.034510 0.037941
345 0.496667 0.412405 0.021569 0.034312
345 0.497059 0.459419 0.020784 0.036622
62 0.137843 0.639558 0.086667 0.113164
62 0.201373 0.618608 0.107843 0.114814
62 0.302157 0.590069 0.107059 0.094028
62 0.355490 0.577367 0.090588 0.095678
271 0.461569 0.529198 0.059608 0.050808
271 0.472157 0.570439 0.039216 0.051468
271 0.430980 0.578852 0.051765 0.056417
338 0.692549 0.668261 0.084706 0.066975
246 0.652157 0.675355 0.004706 0.016496
338 0.694510 0.701584 0.081569 0.064335
84 0.764314 0.665952 0.064314 0.055757
84 0.764314 0.634444 0.064314 0.059386
84 0.826275 0.639888 0.054902 0.049819
84 0.826275 0.610690 0.054902 0.052788
84 0.877255 0.615638 0.048627 0.048169
84 0.877255 0.588255 0.048627 0.046849
84 0.923137 0.569779 0.047059 0.046189
84 0.923333 0.594028 0.045882 0.042560
86 0.848431 0.535467 0.025490 0.027054
86 0.866471 0.529858 0.033333 0.031013
86 0.854706 0.505279 0.030980 0.033322
84 0.894314 0.497526 0.026275 0.030353
86 0.916863 0.493896 0.020392 0.027714
132 0.899216 0.520455 0.016471 0.024084
86 0.913922 0.515671 0.015294 0.023755
296 0.781961 0.566810 0.022745 0.033652
296 0.804706 0.559056 0.018824 0.030023
296 0.804314 0.533817 0.018824 0.029033
296 0.783529 0.537446 0.026667 0.036292
296 0.731569 0.583471 0.030196 0.035962
296 0.730392 0.553118 0.028627 0.041241
296 0.753922 0.546354 0.034118 0.038931
296 0.757843 0.575718 0.026275 0.034972
349 0.674314 0.561366 0.042745 0.037941
349 0.666667 0.605906 0.035294 0.041241
349 0.697843 0.594853 0.027843 0.040251
338 0.505294 0.757671 0.115686 0.067634
338 0.514706 0.786704 0.086667 0.067634
338 0.603529 0.705378 0.100392 0.061366
338 0.612549 0.734246 0.065098 0.057077
329 0.326471 0.725503 0.072549 0.081821
329 0.258235 0.753712 0.076471 0.084131
329 0.175686 0.776146 0.093333 0.069614
338 0.231569 0.879743 0.180000 0.121082
338 0.229412 0.920818 0.181176 0.117453
338 0.379608 0.812438 0.127843 0.074893
338 0.388431 0.842461 0.098431 0.075553
246 0.565686 0.641702 0.053725 0.054108
246 0.596667 0.626196 0.065490 0.049489
246 0.515490 0.663312 0.049804 0.055757
246 0.509412 0.625371 0.058824 0.049819
246 0.484510 0.673210 0.009020 0.043880
246 0.375098 0.653085 0.067843 0.057077
246 0.438824 0.641043 0.061961 0.051468
246 0.455882 0.681458 0.067843 0.062356
246 0.400196 0.703068 0.067059 0.070604
132 0.688235 0.483504 0.043137 0.043220
132 0.723922 0.478225 0.043137 0.038601
132 0.722549 0.508248 0.034118 0.033982
132 0.687843 0.511877 0.032157 0.029363
152 0.771765 0.458759 0.034510 0.035302
152 0.757647 0.493566 0.026667 0.033652
152 0.780196 0.489277 0.022353 0.036292
21 0.911176 0.445727 0.024706 0.044210
21 0.923333 0.442428 0.024706 0.044210
21 0.889412 0.450346 0.020392 0.041570
38 0.876275 0.453976 0.031765 0.044870
109 0.822941 0.451006 0.026275 0.036292
109 0.819216 0.480864 0.025882 0.031343
109 0.841569 0.474101 0.018824 0.029693
109 0.841765 0.448037 0.018431 0.030353
109 0.804118 0.455460 0.018431 0.033982
109 0.801373 0.484329 0.012941 0.029693
132 0.613922 0.531178 0.041176 0.036292
132 0.653529 0.525734 0.039608 0.040581
280 0.595882 0.183273 0.021569 0.056417
280 0.617843 0.185252 0.023922 0.055757
280 0.641373 0.187562 0.024706 0.054437
280 0.658627 0.189376 0.013725 0.052128
68 0.679804 0.195645 0.031765 0.048169
68 0.703529 0.197130 0.017255 0.045859
68 0.716863 0.199439 0.010980 0.045859
68 0.730588 0.201089 0.019608 0.043880
68 0.720784 0.242164 0.013333 0.040251
68 0.733529 0.242824 0.014510 0.038931
68 0.703725 0.241175 0.020000 0.040911
68 0.684510 0.240680 0.022353 0.042560
280 0.664706 0.238865 0.019608 0.046849
280 0.644510 0.238205 0.021569 0.048169
280 0.622549 0.237050 0.023922 0.049159
212 0.600980 0.235896 0.021569 0.048829
188 0.752353 0.161828 0.029412 0.038601
68 0.752353 0.202243 0.028627 0.044210
239 0.753333 0.242494 0.022745 0.038271
188 0.776667 0.163972 0.019216 0.034972
188 0.777059 0.202079 0.023137 0.043220
188 0.776667 0.242659 0.024706 0.038601
188 0.790588 0.243154 0.007843 0.036952
188 0.801961 0.244309 0.017255 0.034642
239 0.801765 0.206368 0.018431 0.041900
188 0.790784 0.203893 0.007451 0.042230
307 0.822353 0.206203 0.029020 0.041570
307 0.827255 0.244309 0.034902 0.035302
307 0.849804 0.243814 0.013333 0.036952
307 0.863725 0.241834 0.016863 0.040911
307 0.850784 0.207027 0.012941 0.035302
307 0.837647 0.205873 0.018039 0.036952
0 0.113529 0.512702 0.057647 0.065325
0 0.168431 0.507588 0.046667 0.062356
66 0.805882 0.308314 0.043922 0.026064
66 0.806275 0.334378 0.036863 0.022105
66 0.766863 0.308809 0.030196 0.027054
66 0.768039 0.338502 0.038039 0.023755
243 0.722157 0.313098 0.055294 0.036952
243 0.722745 0.345431 0.052549 0.031013
243 0.662549 0.314583 0.066275 0.032003
243 0.662353 0.350214 0.056471 0.029363
243 0.593333 0.321346 0.077647 0.036952
243 0.594118 0.352689 0.081569 0.034312
