347 0.057171 0.103261 0.114342 0.206522
347 0.159617 0.110368 0.135492 0.220736
304 0.273298 0.119565 0.118308 0.237458
304 0.370456 0.140468 0.115664 0.235786
64 0.062128 0.407609 0.124256 0.189799
151 0.045274 0.698997 0.090549 0.209030
151 0.134171 0.688545 0.104428 0.219900
272 0.218440 0.693980 0.105089 0.209030
272 0.298083 0.695652 0.089888 0.202341
219 0.366490 0.695652 0.082617 0.193980
219 0.431923 0.695652 0.087905 0.193980
45 0.519498 0.747074 0.104428 0.079431
225 0.591870 0.466137 0.062789 0.141304
103 0.527098 0.460702 0.070720 0.145485
196 0.450760 0.451505 0.067416 0.150502
210 0.390945 0.443144 0.070720 0.150502
355 0.315598 0.428930 0.101124 0.173913
25 0.678123 0.163462 0.096497 0.107860
25 0.682089 0.263378 0.079313 0.102007
339 0.755453 0.286371 0.087244 0.094482
200 0.838070 0.298913 0.087244 0.099498
1 0.893589 0.313127 0.055519 0.082776
1 0.939524 0.320234 0.061467 0.083612
111 0.857568 0.496237 0.052214 0.121237
111 0.819233 0.496237 0.054858 0.119565
111 0.775942 0.491221 0.055519 0.119565
137 0.736946 0.496237 0.055519 0.107860
137 0.691672 0.496237 0.062789 0.111204
192 0.903503 0.718645 0.062128 0.114548
324 0.837740 0.718645 0.066755 0.111204
304 0.591870 0.905518 0.066755 0.155518
304 0.531064 0.907191 0.069399 0.168896
49 0.450760 0.910535 0.070059 0.178930
49 0.386980 0.922659 0.079974 0.154682
49 0.317250 0.916806 0.087244 0.166388
141 0.232320 0.918060 0.093192 0.163880
141 0.151685 0.936037 0.101124 0.127926
141 0.069399 0.922659 0.100463 0.154682
83 0.969927 0.896321 0.060145 0.091973
89 0.817250 0.915970 0.062789 0.101171
24 0.767019 0.915970 0.062789 0.101171
146 0.895902 0.497910 0.042961 0.121237
146 0.923001 0.501254 0.042961 0.119565
306 0.945803 0.505017 0.034369 0.113712
178 0.976206 0.495401 0.047588 0.139632
173 0.603437 0.622074 0.096497 0.076923
173 0.602445 0.689799 0.094514 0.075251
173 0.604098 0.751672 0.089888 0.065217
46 0.689689 0.625836 0.089227 0.072742
46 0.684071 0.689799 0.085922 0.071906
46 0.688367 0.747492 0.081295 0.061873
87 0.760079 0.689799 0.081956 0.070234
87 0.761401 0.746237 0.076669 0.061037
298 0.642763 0.902592 0.054858 0.146321
298 0.690020 0.899666 0.066094 0.142140
189 0.911434 0.921823 0.050231 0.052676
83 0.903833 0.873328 0.065433 0.054348
215 0.864508 0.910953 0.056841 0.084448
142 0.951751 0.714883 0.042300 0.095318
222 0.987112 0.714047 0.025777 0.091973
