290 0.237125 0.278197 0.036750 0.071492
131 0.271375 0.276199 0.045750 0.071936
132 0.333875 0.286856 0.041750 0.049734
131 0.370000 0.252664 0.049500 0.112789
290 0.429500 0.249778 0.056500 0.102575
290 0.484250 0.255551 0.052000 0.098135
290 0.535125 0.256661 0.051750 0.092362
109 0.593625 0.255551 0.051750 0.094583
109 0.640500 0.273091 0.046000 0.054174
228 0.690250 0.255551 0.052000 0.086590
251 0.756750 0.252886 0.060500 0.086590
290 0.707875 0.434281 0.034250 0.058615
246 0.668875 0.420737 0.042750 0.095471
246 0.630750 0.420737 0.046000 0.097247
243 0.595500 0.422513 0.036000 0.099911
243 0.564250 0.422735 0.038500 0.097691
109 0.524375 0.425622 0.039250 0.091918
278 0.489125 0.427398 0.036250 0.090142
243 0.451125 0.410080 0.045750 0.129218
265 0.407125 0.418739 0.045750 0.116341
345 0.355375 0.422513 0.048750 0.103464
101 0.307500 0.434281 0.043500 0.083481
346 0.268375 0.440275 0.042250 0.072380
109 0.228375 0.444050 0.048750 0.066607
101 0.185375 0.443162 0.045750 0.066607
109 0.136625 0.440053 0.043750 0.079929
109 0.380750 0.022869 0.032000 0.045737
243 0.411375 0.022425 0.034250 0.044849
109 0.383250 0.067052 0.031500 0.047957
109 0.412625 0.066607 0.030250 0.046181
317 0.385500 0.102798 0.029000 0.026199
52 0.415750 0.102575 0.029000 0.026643
331 0.444750 0.084369 0.029000 0.062167
331 0.472000 0.083259 0.027000 0.063499
331 0.499375 0.083037 0.028250 0.064831
331 0.526250 0.082593 0.028000 0.064831
251 0.555625 0.063499 0.027750 0.049734
251 0.583875 0.063055 0.029250 0.049734
251 0.611625 0.061057 0.027750 0.049290
331 0.639375 0.061057 0.026750 0.047513
331 0.611625 0.097247 0.028750 0.031972
251 0.637125 0.097247 0.026750 0.029307
131 0.583875 0.099911 0.026750 0.028419
131 0.556875 0.099911 0.026750 0.030195
246 0.666625 0.076821 0.026750 0.068384
52 0.688000 0.079041 0.020500 0.062167
243 0.023875 0.095471 0.047750 0.087922
278 0.058250 0.105240 0.020000 0.063055
21 0.084000 0.106794 0.021000 0.055506
109 0.102000 0.104574 0.029500 0.060835
109 0.097250 0.038632 0.041000 0.075488
0 0.128125 0.101021 0.028750 0.059947
109 0.159500 0.099911 0.032500 0.061279
109 0.185625 0.099911 0.027750 0.060391
257 0.238500 0.073712 0.050500 0.104796
109 0.301000 0.069938 0.050000 0.089254
109 0.031250 0.225799 0.050000 0.072380
158 0.065125 0.232016 0.032250 0.056394
109 0.089375 0.232016 0.029750 0.054618
109 0.111375 0.216918 0.023250 0.082149
109 0.133250 0.216252 0.028000 0.082593
109 0.160000 0.215364 0.028000 0.082593
109 0.193375 0.336146 0.028750 0.046181
246 0.169750 0.335036 0.028000 0.043073
109 0.148375 0.336368 0.025250 0.041297
109 0.020875 0.562611 0.037250 0.087034
109 0.055125 0.562167 0.035750 0.087034
109 0.103625 0.561945 0.042250 0.086590
209 0.135125 0.561057 0.047750 0.087478
257 0.181250 0.569272 0.040500 0.066607
109 0.216250 0.567052 0.037500 0.069272
101 0.264250 0.565941 0.040500 0.072380
321 0.296875 0.570382 0.044250 0.063499
290 0.339500 0.553730 0.043000 0.097691
290 0.382750 0.553286 0.042500 0.097691
132 0.429625 0.553064 0.043250 0.097247
345 0.472500 0.548623 0.043000 0.105240
132 0.518250 0.553064 0.039000 0.098135
158 0.183125 0.663854 0.038250 0.083481
109 0.226250 0.663632 0.052000 0.085702
109 0.260000 0.663854 0.040000 0.084369
158 0.295250 0.670737 0.039500 0.089254
109 0.334375 0.674067 0.035750 0.082593
346 0.375250 0.670737 0.035500 0.088366
346 0.412375 0.672957 0.035750 0.083925
228 0.453250 0.661634 0.034000 0.082593
345 0.487500 0.663854 0.035500 0.082593
271 0.528250 0.663632 0.034000 0.085702
290 0.028750 0.665409 0.038000 0.083925
290 0.066500 0.665631 0.051000 0.084369
329 0.106000 0.665187 0.044500 0.084369
290 0.020250 0.776421 0.034500 0.083925
109 0.053750 0.776865 0.044000 0.084813
290 0.093875 0.776865 0.041750 0.083925
17 0.135000 0.776643 0.044500 0.084369
257 0.171875 0.776865 0.045250 0.082149
257 0.212500 0.782860 0.047500 0.071048
257 0.245125 0.777309 0.045250 0.083925
70 0.281625 0.781750 0.039750 0.074156
290 0.313000 0.776199 0.038000 0.085258
86 0.362875 0.776643 0.037750 0.085258
86 0.402250 0.776421 0.047000 0.083925
86 0.460875 0.775089 0.040250 0.069716
86 0.500125 0.771314 0.038250 0.072824
349 0.546000 0.777753 0.038000 0.083037
349 0.583000 0.777309 0.038500 0.084813
109 0.621625 0.771092 0.034250 0.069716
109 0.649750 0.771536 0.038000 0.069716
0 0.692000 0.772647 0.041000 0.069272
109 0.727750 0.772202 0.043000 0.070160
243 0.472500 0.900977 0.035000 0.087034
243 0.507500 0.896314 0.035000 0.093694
271 0.544750 0.894760 0.035500 0.070160
246 0.577125 0.894538 0.032750 0.071492
246 0.612500 0.892318 0.034000 0.076821
209 0.642875 0.890320 0.038250 0.080817
228 0.689750 0.886989 0.030500 0.089254
109 0.714125 0.890320 0.038250 0.085258
271 0.224750 0.907638 0.037000 0.070160
271 0.257250 0.907416 0.042500 0.069716
33 0.291875 0.905417 0.038750 0.065719
109 0.324750 0.906972 0.036500 0.068828
33 0.356375 0.906972 0.036750 0.068828
0 0.396125 0.907638 0.040750 0.070160
271 0.435000 0.906972 0.038000 0.068828
109 0.020125 0.902531 0.034750 0.055506
271 0.050125 0.902753 0.048250 0.055950
132 0.085125 0.902753 0.044750 0.055950
132 0.118625 0.902087 0.042750 0.054618
132 0.153875 0.902531 0.044750 0.055506
33 0.187625 0.909414 0.040750 0.069272
109 0.742250 0.430284 0.044000 0.077265
243 0.713375 0.074600 0.026750 0.071048
109 0.742250 0.082149 0.023500 0.051510
109 0.767125 0.079929 0.033750 0.054174
101 0.789250 0.081927 0.019000 0.047513
