328 0.827780 0.526155 0.089599 0.097814
191 0.699235 0.675206 0.116164 0.140810
191 0.792436 0.663561 0.106258 0.118954
191 0.861099 0.649051 0.087798 0.102831
93 0.965331 0.506987 0.061234 0.080258
47 0.904998 0.520960 0.107159 0.092440
14 0.625394 0.560731 0.099955 0.118954
14 0.549752 0.570226 0.112562 0.130061
50 0.456551 0.588140 0.116164 0.131494
50 0.356371 0.600681 0.133724 0.147259
50 0.242008 0.624866 0.139127 0.147617
34 0.502251 0.715156 0.124719 0.147617
34 0.395092 0.760301 0.149932 0.160516
205 0.744935 0.860982 0.127420 0.175564
205 0.822377 0.822107 0.098604 0.155142
205 0.896218 0.800251 0.085097 0.160158
205 0.950698 0.776066 0.087798 0.145468
97 0.205088 0.388750 0.113913 0.167682
97 0.317650 0.386421 0.167942 0.166607
97 0.449572 0.386421 0.133724 0.131494
181 0.579694 0.370835 0.149932 0.147617
181 0.681675 0.372985 0.116164 0.147617
330 0.783656 0.376030 0.114813 0.103547
330 0.838136 0.376030 0.093201 0.097814
121 0.124719 0.128807 0.230527 0.211752
121 0.301441 0.145647 0.189554 0.193121
30 0.446421 0.161233 0.161639 0.174131
30 0.573841 0.175206 0.130122 0.161233
53 0.800991 0.208527 0.153084 0.114654
162 0.912877 0.222322 0.097704 0.099964
162 0.971860 0.223576 0.056281 0.102472
223 0.889464 0.373522 0.057181 0.087782
108 0.958127 0.373522 0.060333 0.077750
197 0.927285 0.627732 0.074291 0.096023
197 0.975912 0.613400 0.048176 0.090290
34 0.252814 0.796668 0.183251 0.195987
218 0.423683 0.943031 0.153084 0.112504
218 0.539622 0.923862 0.144529 0.151559
218 0.641828 0.907918 0.124719 0.159799
