34 0.072213 0.855292 0.079723 0.153220
34 0.140670 0.864915 0.083767 0.160622
23 0.214327 0.864915 0.076256 0.141377
23 0.282496 0.858253 0.082034 0.138416
197 0.361063 0.848261 0.077412 0.142117
191 0.432698 0.851591 0.073946 0.132494
205 0.648758 0.814582 0.071635 0.154700
205 0.716927 0.812731 0.073946 0.150999
145 0.820624 0.663953 0.082611 0.125833
164 0.887926 0.663583 0.070479 0.119171
164 0.945696 0.662842 0.064702 0.116210
117 0.959561 0.509623 0.063547 0.096965
117 0.912767 0.509623 0.060081 0.101406
305 0.769497 0.514064 0.058925 0.099926
240 0.711438 0.514064 0.057192 0.096965
240 0.658001 0.515174 0.058925 0.097705
93 0.604564 0.514804 0.057192 0.101406
93 0.554304 0.515174 0.061814 0.100666
330 0.493068 0.509993 0.061814 0.111029
330 0.435009 0.506662 0.068169 0.116210
223 0.377239 0.512213 0.056615 0.111029
223 0.322646 0.514064 0.074523 0.117691
50 0.247256 0.515174 0.073946 0.119911
50 0.194974 0.517395 0.059503 0.111029
50 0.125939 0.514804 0.073946 0.116210
50 0.059792 0.517024 0.067591 0.116210
342 0.081456 0.674685 0.082034 0.131014
342 0.153091 0.663583 0.064702 0.126573
187 0.217793 0.688009 0.075101 0.120651
187 0.289428 0.680237 0.079723 0.134715
181 0.363374 0.650999 0.060081 0.132494
181 0.432698 0.667283 0.072790 0.138416
181 0.500867 0.666913 0.073946 0.134715
97 0.571346 0.665803 0.073946 0.138416
97 0.670711 0.641007 0.083189 0.125833
145 0.764876 0.667283 0.070479 0.116210
277 0.966782 0.333457 0.066436 0.107328
277 0.901213 0.333457 0.073946 0.108808
78 0.842288 0.337898 0.063547 0.101406
78 0.784229 0.337898 0.059503 0.098446
261 0.733102 0.337158 0.056615 0.099926
22 0.679665 0.337158 0.057192 0.102887
261 0.634027 0.337158 0.057192 0.102887
108 0.572501 0.337158 0.073946 0.108808
29 0.432698 0.123612 0.078567 0.136195
29 0.355286 0.152480 0.077412 0.084382
53 0.140670 0.137306 0.082611 0.113249
130 0.048527 0.330496 0.083189 0.135455
218 0.504333 0.829756 0.076256 0.159882
218 0.574812 0.829756 0.079723 0.176166
194 0.619295 0.135825 0.063547 0.107328
194 0.559214 0.138046 0.063547 0.107328
194 0.498845 0.138416 0.071057 0.111029
29 0.279318 0.123982 0.094165 0.138416
130 0.130272 0.327165 0.093010 0.140637
30 0.363374 0.327165 0.075101 0.139156
30 0.432698 0.326055 0.083189 0.135455
108 0.498845 0.340118 0.064125 0.107328
117 0.862796 0.509623 0.061814 0.104367
305 0.813692 0.511843 0.059503 0.098446
75 0.677643 0.138416 0.062392 0.102147
75 0.738302 0.138416 0.067013 0.100666
75 0.803582 0.135825 0.070479 0.105848
221 0.799538 0.793116 0.067013 0.076240
221 0.896592 0.806070 0.091277 0.057735
85 0.964471 0.823094 0.067591 0.054774
