271 0.673115 0.735367 0.071098 0.052579
271 0.748512 0.754712 0.081680 0.049603
271 0.649636 0.792411 0.073743 0.076885
271 0.695437 0.811136 0.056217 0.067708
96 0.595569 0.906374 0.084656 0.050843
243 0.477183 0.876364 0.119709 0.090526
338 0.361772 0.816964 0.113757 0.086806
246 0.302910 0.740203 0.049603 0.050843
132 0.481151 0.737475 0.097884 0.074653
132 0.491733 0.693080 0.076058 0.061756
132 0.399636 0.714906 0.057209 0.056796
132 0.397983 0.676959 0.060516 0.057292
86 0.312665 0.673363 0.053902 0.049107
86 0.345073 0.678571 0.044643 0.052579
38 0.218915 0.526042 0.050265 0.060020
38 0.252315 0.526910 0.033730 0.046875
38 0.282407 0.538938 0.037698 0.055556
21 0.323909 0.544023 0.028770 0.053819
109 0.380952 0.585565 0.062169 0.047619
109 0.431548 0.577877 0.034392 0.032242
109 0.471726 0.611235 0.050595 0.055308
296 0.548776 0.634425 0.081019 0.079365
296 0.548115 0.582093 0.079034 0.055060
296 0.599868 0.640129 0.059524 0.077877
349 0.715939 0.654638 0.100529 0.072669
250 0.706184 0.548735 0.077050 0.058284
233 0.578042 0.515997 0.060185 0.061756
233 0.518519 0.514137 0.060185 0.059524
233 0.496858 0.508929 0.072421 0.055060
82 0.395668 0.496404 0.067130 0.053323
82 0.435681 0.496528 0.040013 0.053571
12 0.272983 0.475694 0.044643 0.047123
207 0.186508 0.430432 0.084656 0.024554
207 0.207507 0.461558 0.055886 0.043651
207 0.165013 0.460441 0.035714 0.043403
17 0.226190 0.466394 0.017857 0.044891
204 0.201554 0.164311 0.041336 0.043403
204 0.245040 0.161210 0.050926 0.039683
204 0.247851 0.221106 0.044643 0.050347
204 0.209491 0.220362 0.039352 0.040427
284 0.321925 0.213170 0.027447 0.037946
284 0.354993 0.209325 0.043320 0.040179
109 0.313823 0.236111 0.012566 0.007937
284 0.384921 0.141865 0.048942 0.055060
280 0.398975 0.205605 0.043981 0.067460
280 0.436177 0.202505 0.041667 0.069692
60 0.453869 0.200893 0.018188 0.069444
307 0.483962 0.198785 0.045966 0.070685
280 0.470734 0.135293 0.051918 0.061756
280 0.505622 0.136657 0.025132 0.053075
280 0.540013 0.132440 0.048942 0.059028
307 0.534888 0.194816 0.059854 0.072173
239 0.677083 0.170883 0.065146 0.100694
239 0.730159 0.164311 0.046296 0.105903
239 0.600860 0.176835 0.060847 0.099206
11 0.851025 0.123388 0.120701 0.178323
52 0.777943 0.295883 0.094907 0.069444
52 0.882275 0.295759 0.119048 0.071677
265 0.222884 0.293403 0.034392 0.037698
265 0.258102 0.293031 0.044643 0.038938
217 0.340939 0.290179 0.042989 0.035714
