191 0.055928 0.115245 0.111855 0.170966
191 0.142609 0.114418 0.129464 0.171958
197 0.252976 0.117229 0.109623 0.154431
187 0.425843 0.115245 0.093254 0.159061
187 0.506820 0.114253 0.093502 0.158399
23 0.595734 0.108466 0.095734 0.171958
23 0.665179 0.111442 0.066964 0.156085
355 0.807664 0.115245 0.076637 0.144511
308 0.743180 0.127976 0.106895 0.125661
75 0.984747 0.282242 0.030506 0.126653
75 0.924851 0.283234 0.071925 0.122685
194 0.863219 0.285218 0.066716 0.121362
194 0.812500 0.286210 0.063988 0.121362
342 0.750124 0.328042 0.086558 0.147487
342 0.677827 0.332011 0.084325 0.147487
30 0.599702 0.328208 0.084325 0.165675
30 0.519593 0.330026 0.087798 0.166667
121 0.431672 0.331019 0.091518 0.171958
121 0.358383 0.333995 0.094742 0.173280
53 0.275422 0.349537 0.100942 0.147487
53 0.188492 0.351521 0.104167 0.147487
53 0.090774 0.357474 0.117560 0.149471
29 0.107515 0.555721 0.116815 0.166336
29 0.194444 0.551918 0.106647 0.166667
29 0.281250 0.539021 0.095734 0.166667
29 0.358507 0.534226 0.093502 0.159061
162 0.417907 0.536210 0.045139 0.141865
162 0.468874 0.539187 0.090030 0.133929
162 0.525422 0.532407 0.059772 0.137566
97 0.589906 0.525463 0.084573 0.147487
97 0.658234 0.520503 0.084325 0.137566
97 0.725570 0.515708 0.084573 0.141865
50 0.799851 0.672950 0.068948 0.128307
108 0.977307 0.656250 0.045387 0.122024
78 0.981523 0.540179 0.036954 0.103505
78 0.951141 0.533565 0.058036 0.103505
47 0.902406 0.534226 0.062748 0.108135
14 0.961434 0.409226 0.072173 0.116733
223 0.869172 0.413029 0.066716 0.121032
223 0.821305 0.416005 0.074653 0.111772
181 0.728671 0.671958 0.081349 0.142196
181 0.663070 0.675761 0.074653 0.141865
181 0.596726 0.683697 0.083333 0.144511
130 0.521577 0.686508 0.084325 0.151455
130 0.446305 0.694444 0.084573 0.156085
34 0.369172 0.695437 0.084573 0.149471
34 0.299851 0.692460 0.084325 0.137566
34 0.221726 0.710979 0.093254 0.155423
34 0.132812 0.728505 0.113839 0.166667
85 0.674851 0.813492 0.066468 0.116402
85 0.730531 0.805721 0.066716 0.111442
7 0.795883 0.849702 0.071925 0.137235
7 0.848586 0.846726 0.066716 0.131283
164 0.883929 0.107474 0.073413 0.156085
218 0.149554 0.929729 0.096726 0.140542
218 0.230283 0.925265 0.094990 0.149471
218 0.308036 0.920470 0.090278 0.159061
218 0.382316 0.915344 0.086062 0.169312
205 0.455605 0.868386 0.073909 0.179233
205 0.527034 0.898313 0.078373 0.176918
205 0.595486 0.883598 0.078869 0.183862
85 0.677207 0.883102 0.060268 0.057209
85 0.721726 0.880952 0.053075 0.052910
330 0.831721 0.658234 0.045387 0.104828
355 0.894097 0.663690 0.073909 0.110450
355 0.933284 0.656911 0.051587 0.112103
