191 0.035466 0.292163 0.063492 0.091601
191 0.091146 0.291336 0.064732 0.092593
191 0.140005 0.290179 0.061756 0.089616
23 0.189856 0.284392 0.056796 0.093254
23 0.242560 0.284392 0.053075 0.091270
23 0.293403 0.287368 0.058532 0.089947
187 0.354911 0.292163 0.058532 0.089616
187 0.406622 0.294147 0.052827 0.088955
197 0.458457 0.295139 0.050843 0.083003
197 0.502356 0.297123 0.050843 0.079696
197 0.548239 0.296958 0.048859 0.078704
223 0.585441 0.318452 0.044891 0.048280
223 0.622396 0.321594 0.050843 0.043981
355 0.662574 0.308697 0.041419 0.065807
355 0.692708 0.308697 0.036706 0.065807
355 0.720114 0.310847 0.037450 0.066799
214 0.769965 0.312831 0.041419 0.060847
214 0.800223 0.313823 0.037450 0.060847
78 0.911582 0.409392 0.036458 0.066799
78 0.878348 0.409392 0.036458 0.060847
305 0.844246 0.406581 0.039187 0.059854
78 0.813864 0.405423 0.036954 0.066799
47 0.779638 0.403439 0.036954 0.066799
308 0.717262 0.404597 0.035218 0.063823
342 0.645957 0.415344 0.047867 0.077381
342 0.604911 0.418155 0.047619 0.080357
342 0.556052 0.419147 0.049107 0.081019
289 0.504340 0.420139 0.047867 0.077050
289 0.460317 0.420139 0.049107 0.077050
289 0.414559 0.421131 0.050843 0.079034
289 0.366691 0.419147 0.050843 0.083003
181 0.309896 0.412368 0.057788 0.089947
181 0.259177 0.414352 0.053075 0.091931
181 0.211434 0.412368 0.057788 0.089947
97 0.156746 0.414352 0.061508 0.098545
97 0.103919 0.412368 0.063492 0.098545
97 0.053075 0.415179 0.058532 0.098876
53 0.064856 0.527612 0.063244 0.083003
53 0.123512 0.524636 0.065476 0.083003
53 0.182044 0.519841 0.056548 0.082672
50 0.233755 0.519841 0.054315 0.078704
50 0.279638 0.521825 0.055804 0.077381
50 0.328497 0.516865 0.050843 0.077381
50 0.370536 0.518849 0.047619 0.075397
14 0.405754 0.516865 0.041667 0.075397
14 0.431052 0.515873 0.044147 0.075397
14 0.467138 0.513889 0.041419 0.070767
14 0.499380 0.513889 0.041419 0.073413
328 0.532738 0.513889 0.039187 0.068122
328 0.566716 0.513889 0.037202 0.070767
162 0.604911 0.510086 0.047619 0.073082
162 0.639013 0.508102 0.047867 0.073082
36 0.676215 0.485615 0.034474 0.054563
36 0.696677 0.482639 0.035218 0.054563
36 0.720114 0.483631 0.034474 0.051918
36 0.754340 0.482639 0.034474 0.050595
61 0.784598 0.482639 0.034474 0.050595
61 0.813864 0.482639 0.034474 0.050595
61 0.849082 0.481647 0.034474 0.050595
201 0.873512 0.480655 0.032242 0.047950
201 0.901786 0.480655 0.032242 0.045966
260 0.853919 0.543155 0.032242 0.043981
260 0.815848 0.547123 0.034474 0.045966
261 0.778770 0.547950 0.039187 0.048280
261 0.734747 0.548942 0.036954 0.048280
355 0.704489 0.548942 0.034474 0.048280
355 0.674231 0.548942 0.033482 0.048280
130 0.637029 0.605655 0.050843 0.078373
130 0.592138 0.606647 0.050843 0.079034
34 0.548239 0.607639 0.047867 0.084325
34 0.507316 0.610615 0.047867 0.084325
34 0.464286 0.611607 0.047619 0.084325
29 0.421255 0.614583 0.050843 0.084325
29 0.372396 0.620370 0.050843 0.082672
29 0.332465 0.620370 0.048859 0.082672
30 0.276662 0.623347 0.057788 0.089947
30 0.229911 0.625165 0.053075 0.091601
121 0.129340 0.632110 0.056796 0.089616
121 0.181052 0.629134 0.056548 0.086971
121 0.081349 0.637897 0.058532 0.088624
218 0.090278 0.770833 0.067460 0.121032
218 0.147941 0.766865 0.064732 0.121032
218 0.196677 0.766865 0.058532 0.116402
218 0.240699 0.761905 0.057788 0.115079
205 0.293403 0.756118 0.056548 0.118056
205 0.341270 0.757110 0.053571 0.113426
205 0.389137 0.748181 0.053571 0.123347
205 0.431052 0.743221 0.050595 0.123347
85 0.480903 0.722884 0.046627 0.089947
85 0.517981 0.714947 0.043403 0.103836
85 0.559896 0.718915 0.050843 0.089947
7 0.633185 0.722884 0.047619 0.115741
7 0.683036 0.720899 0.050595 0.068122
7 0.727059 0.730655 0.054315 0.084325
35 0.754340 0.715112 0.041419 0.083003
35 0.798239 0.713128 0.057292 0.098876
35 0.832465 0.711144 0.049851 0.089616
35 0.861731 0.708168 0.047867 0.086971
15 0.916419 0.708333 0.058532 0.068783
194 0.855655 0.617394 0.037698 0.061508
75 0.881820 0.615079 0.038442 0.060185
75 0.907614 0.612269 0.036458 0.059854
164 0.674355 0.626653 0.043155 0.065476
164 0.704117 0.624835 0.040179 0.067791
145 0.736359 0.623016 0.040675 0.066799
145 0.766493 0.622189 0.039931 0.064484
145 0.796255 0.621032 0.038938 0.062831
194 0.821181 0.620866 0.031250 0.053241
342 0.835317 0.618717 0.010417 0.058201
315 0.957837 0.541336 0.024802 0.042989
315 0.939980 0.541997 0.025298 0.043651
315 0.922991 0.542659 0.027034 0.044312
315 0.902034 0.542824 0.021825 0.045966
260 0.882937 0.544808 0.025794 0.045304
36 0.918775 0.478836 0.010665 0.042328
