239 0.281125 0.144316 0.061250 0.141208
239 0.326125 0.155195 0.048750 0.133659
239 0.366125 0.158970 0.041250 0.136767
188 0.403250 0.172513 0.047500 0.117673
188 0.445125 0.175622 0.044250 0.115897
307 0.522375 0.164964 0.043250 0.077709
307 0.559375 0.164964 0.039750 0.077709
280 0.750875 0.183393 0.045750 0.072824
280 0.788000 0.183171 0.048000 0.077709
280 0.825125 0.176510 0.051750 0.085702
143 0.872875 0.092584 0.069750 0.071492
143 0.882625 0.168739 0.104750 0.087034
333 0.956875 0.223357 0.082750 0.115453
143 0.879750 0.240009 0.100500 0.070604
280 0.794750 0.081927 0.058500 0.132771
280 0.761625 0.078819 0.059750 0.138988
280 0.829875 0.085924 0.061750 0.132771
52 0.846625 0.564387 0.052750 0.054174
52 0.792875 0.555506 0.069750 0.066607
250 0.643375 0.556394 0.045750 0.071048
250 0.602375 0.549512 0.045750 0.070604
207 0.539875 0.537966 0.045750 0.077709
207 0.493000 0.539742 0.047500 0.077709
355 0.440250 0.534858 0.044000 0.075933
355 0.389500 0.529973 0.047500 0.075933
355 0.437375 0.601243 0.043750 0.066607
207 0.492000 0.603242 0.047500 0.064387
207 0.539875 0.602131 0.045750 0.062167
355 0.391500 0.598357 0.049500 0.070604
243 0.110375 0.532860 0.112750 0.068384
243 0.108000 0.586812 0.081500 0.047513
233 0.682500 0.599467 0.026000 0.061279
233 0.709875 0.599689 0.037750 0.061723
233 0.734375 0.599467 0.023250 0.061279
52 0.783500 0.615453 0.059000 0.064831
52 0.832625 0.616563 0.050750 0.067052
21 0.861500 0.749112 0.037500 0.106572
21 0.837375 0.747558 0.037250 0.107904
38 0.579375 0.738677 0.024250 0.099023
38 0.604750 0.730906 0.031000 0.083481
38 0.637000 0.732682 0.034000 0.086146
38 0.667125 0.733126 0.036750 0.087922
38 0.695375 0.731794 0.030750 0.085258
3 0.739625 0.736234 0.062250 0.074600
3 0.788125 0.736679 0.060750 0.075488
296 0.397250 0.751110 0.044500 0.056394
296 0.444125 0.751110 0.046750 0.056394
296 0.490625 0.754440 0.044250 0.063055
296 0.535875 0.754663 0.047250 0.063499
212 0.174750 0.767096 0.036500 0.057282
212 0.205875 0.767540 0.044750 0.057282
345 0.255500 0.757993 0.034000 0.031083
345 0.286250 0.756661 0.032000 0.031083
303 0.318625 0.758881 0.042250 0.035524
303 0.352625 0.758659 0.031750 0.035080
92 0.104375 0.770426 0.044250 0.039964
92 0.138625 0.760657 0.041750 0.029307
92 0.086875 0.704929 0.044750 0.057282
92 0.123875 0.704485 0.046250 0.057282
212 0.168875 0.705373 0.040250 0.059059
212 0.206250 0.697602 0.034500 0.043517
345 0.240875 0.699378 0.035750 0.047069
345 0.278000 0.698934 0.038500 0.046181
303 0.312125 0.699822 0.033250 0.047957
303 0.344625 0.700044 0.039250 0.048401
0 0.196500 0.579707 0.040500 0.045737
0 0.238000 0.576599 0.037500 0.039520
329 0.155250 0.867007 0.063000 0.111456
329 0.206875 0.866785 0.058750 0.103020
246 0.276125 0.883437 0.054250 0.067940
246 0.329000 0.883215 0.057000 0.068384
86 0.386125 0.882771 0.056750 0.067496
86 0.438250 0.882327 0.052500 0.066607
109 0.487500 0.831261 0.042000 0.045293
109 0.488500 0.888099 0.043500 0.073712
109 0.527375 0.898091 0.042750 0.056394
109 0.532000 0.844583 0.046000 0.060391
152 0.573625 0.839920 0.041750 0.056394
152 0.568125 0.890320 0.039750 0.048845
152 0.607000 0.884991 0.045000 0.059503
152 0.610500 0.839254 0.042000 0.059503
349 0.696875 0.835924 0.047250 0.047513
349 0.654875 0.886989 0.039250 0.036856
349 0.693875 0.886989 0.043750 0.037744
290 0.746875 0.842140 0.047250 0.056394
271 0.775500 0.877664 0.034000 0.062611
271 0.744375 0.889654 0.029750 0.040409
96 0.815000 0.886545 0.042500 0.026199
96 0.853625 0.886323 0.040750 0.029307
132 0.492125 0.974245 0.050750 0.048845
132 0.542500 0.973579 0.048000 0.051066
208 0.586750 0.972247 0.042000 0.051066
208 0.633125 0.974911 0.046250 0.048401
235 0.683250 0.978908 0.054000 0.040409
235 0.723000 0.960036 0.048000 0.030195
8 0.782125 0.973357 0.063750 0.051510
8 0.835375 0.974245 0.057250 0.049734
183 0.031875 0.387211 0.058750 0.090586
131 0.086375 0.383881 0.069750 0.084813
131 0.145500 0.381439 0.061000 0.074600
239 0.199500 0.394316 0.056000 0.093250
109 0.249625 0.398535 0.061250 0.092806
109 0.305125 0.398757 0.047750 0.095027
131 0.207625 0.297735 0.070750 0.104352
217 0.223750 0.033748 0.067000 0.067496
217 0.223875 0.156750 0.062250 0.109236
92 0.160500 0.141430 0.081000 0.130995
157 0.095000 0.136545 0.080500 0.129218
284 0.036000 0.140098 0.065000 0.112345
157 0.078625 0.029307 0.106750 0.058615
244 0.879250 0.618561 0.045000 0.071048
244 0.917875 0.623002 0.051250 0.084369
96 0.822500 0.842140 0.040500 0.059059
96 0.868250 0.841696 0.039500 0.054618
