194 0.068814 0.114315 0.107732 0.148575
194 0.148196 0.123813 0.099485 0.143148
194 0.230928 0.132293 0.088660 0.137042
75 0.310052 0.139756 0.078866 0.130258
75 0.378351 0.150271 0.075258 0.126866
75 0.446649 0.158752 0.073711 0.124830
130 0.517268 0.151628 0.088144 0.152646
130 0.585309 0.157734 0.088144 0.148575
29 0.654897 0.167232 0.077835 0.137720
29 0.719588 0.171981 0.069072 0.130936
29 0.777835 0.182836 0.065979 0.126866
29 0.830155 0.190977 0.060309 0.121438
30 0.884021 0.195047 0.057732 0.126866
30 0.933763 0.202171 0.052062 0.127544
30 0.977062 0.207938 0.045876 0.121438
53 0.935052 0.344301 0.048454 0.095658
53 0.887629 0.344301 0.054639 0.095658
330 0.830155 0.346336 0.056186 0.088874
330 0.782732 0.346336 0.052062 0.088874
50 0.729124 0.340570 0.060309 0.097693
50 0.679381 0.335821 0.054639 0.097693
47 0.630412 0.339552 0.055670 0.092944
47 0.581701 0.336839 0.054124 0.091588
305 0.534278 0.335821 0.057216 0.090909
305 0.484278 0.336839 0.056186 0.095658
305 0.436856 0.334464 0.060309 0.097693
117 0.373454 0.333446 0.057216 0.099729
117 0.319845 0.331072 0.063402 0.104478
78 0.254124 0.328697 0.064948 0.109227
78 0.189691 0.327341 0.069072 0.110583
315 0.123711 0.331072 0.069072 0.097693
315 0.059278 0.329715 0.070103 0.097693
260 0.068814 0.485075 0.064433 0.097693
260 0.133505 0.486092 0.063918 0.099729
61 0.188402 0.486092 0.060309 0.092944
61 0.243041 0.483718 0.055155 0.090909
201 0.295361 0.481343 0.054639 0.091588
201 0.349227 0.479986 0.054124 0.091588
261 0.401289 0.479986 0.052062 0.086160
164 0.468299 0.500678 0.066495 0.118046
164 0.531959 0.500339 0.062887 0.117368
223 0.589175 0.500339 0.057732 0.106513
223 0.652577 0.497965 0.068041 0.103121
187 0.713144 0.493216 0.067526 0.111262
187 0.769330 0.491859 0.063402 0.103121
34 0.824227 0.482700 0.062887 0.117368
34 0.871907 0.481343 0.057216 0.113297
34 0.920361 0.479986 0.057216 0.110583
342 0.805928 0.636364 0.063402 0.111262
97 0.752320 0.649593 0.066495 0.117368
181 0.591495 0.659430 0.063402 0.132972
181 0.530412 0.674695 0.068041 0.121438
181 0.468557 0.683514 0.069072 0.126866
214 0.330928 0.723202 0.056701 0.090909
15 0.207732 0.607531 0.062887 0.124152
15 0.273454 0.605495 0.066495 0.121438
108 0.333247 0.599389 0.056186 0.106513
108 0.380670 0.602782 0.060309 0.098372
7 0.289433 0.921303 0.078866 0.103121
7 0.357732 0.892809 0.077320 0.127544
35 0.422165 0.879579 0.063918 0.130936
35 0.479639 0.870081 0.060309 0.128223
205 0.538918 0.836160 0.073711 0.170285
205 0.598969 0.826323 0.063918 0.156038
23 0.654639 0.830054 0.069072 0.128223
23 0.709536 0.820556 0.060309 0.117368
23 0.757216 0.815807 0.057732 0.117368
218 0.808505 0.792741 0.060309 0.143148
218 0.852062 0.787992 0.056701 0.133650
218 0.894845 0.779512 0.051546 0.127544
342 0.885052 0.639077 0.056701 0.103121
97 0.701031 0.654681 0.056701 0.111262
97 0.651289 0.663840 0.060309 0.121438
85 0.207732 0.858887 0.100000 0.147897
85 0.129897 0.875848 0.080412 0.078697
214 0.288144 0.731682 0.070103 0.092944
342 0.848454 0.641113 0.057732 0.112619
268 0.103608 0.610244 0.052577 0.059023
268 0.107474 0.653664 0.045876 0.046811
186 0.151804 0.607531 0.045876 0.059023
268 0.150773 0.648915 0.044845 0.049525
186 0.120103 0.729647 0.044330 0.052239
186 0.125000 0.762551 0.043814 0.055631
186 0.164948 0.726594 0.044330 0.051560
186 0.165979 0.762551 0.041237 0.046133
231 0.936340 0.570896 0.036598 0.050882
231 0.966753 0.573270 0.028351 0.044776
73 0.918299 0.638738 0.023196 0.056309
73 0.942526 0.634328 0.026289 0.043419
73 0.972938 0.636703 0.029381 0.050882
73 0.971649 0.679444 0.026804 0.046811
73 0.946649 0.684532 0.025258 0.048847
73 0.920103 0.687924 0.026804 0.044776
264 0.933247 0.759159 0.029381 0.044776
264 0.928608 0.807327 0.029381 0.050204
264 0.961598 0.757123 0.025258 0.048847
264 0.959021 0.806309 0.024227 0.044098
264 0.985309 0.750678 0.025258 0.056309
264 0.984794 0.800882 0.024227 0.048168
