232 0.908565 0.117560 0.153108 0.056548
232 0.908399 0.160590 0.142857 0.058780
232 0.902612 0.198785 0.141204 0.050347
232 0.785384 0.158606 0.133598 0.046875
232 0.782573 0.201513 0.128638 0.044395
139 0.664352 0.122520 0.134921 0.056548
139 0.661376 0.162574 0.133598 0.051835
139 0.663360 0.198785 0.134921 0.050347
139 0.544147 0.125372 0.129299 0.053323
139 0.542163 0.163566 0.129299 0.050347
139 0.546131 0.201513 0.135251 0.044395
139 0.423115 0.120536 0.133267 0.051587
139 0.425099 0.160590 0.135251 0.054812
139 0.428075 0.201513 0.124669 0.044395
139 0.309193 0.203125 0.131614 0.040179
267 0.193618 0.177455 0.084987 0.098462
185 0.120370 0.177703 0.083995 0.098462
185 0.052083 0.183532 0.077050 0.091766
237 0.124669 0.284598 0.208995 0.049851
237 0.124669 0.326017 0.208995 0.047867
237 0.127646 0.364459 0.207672 0.043403
237 0.324901 0.283854 0.208664 0.049851
237 0.323743 0.325397 0.203704 0.048115
237 0.327381 0.363343 0.199735 0.042659
237 0.520503 0.281622 0.210317 0.051339
237 0.529927 0.323041 0.206019 0.048859
237 0.523975 0.361235 0.199405 0.042907
237 0.742725 0.280134 0.212302 0.051339
237 0.732639 0.320437 0.204034 0.046627
237 0.729001 0.358383 0.197421 0.044147
237 0.868882 0.355903 0.109458 0.046131
237 0.875000 0.316096 0.101190 0.046379
283 0.929729 0.288070 0.140542 0.040427
283 0.955522 0.323413 0.088955 0.045139
283 0.954200 0.361483 0.091601 0.045387
80 0.128142 0.443824 0.233135 0.048363
80 0.130952 0.481647 0.234788 0.046131
80 0.135251 0.516121 0.227513 0.045139
80 0.369213 0.513765 0.221230 0.042411
80 0.366402 0.479291 0.222884 0.042411
80 0.356812 0.442088 0.225529 0.049355
80 0.580026 0.440476 0.228836 0.049603
80 0.581019 0.478175 0.228836 0.042163
80 0.582837 0.512525 0.219907 0.042411
80 0.799769 0.511781 0.227183 0.043403
80 0.800761 0.476687 0.231812 0.043155
80 0.805060 0.437748 0.233135 0.048611
80 0.154431 0.575025 0.214286 0.051339
80 0.361772 0.575149 0.214286 0.053075
80 0.572255 0.573041 0.211310 0.049355
80 0.780423 0.608135 0.222884 0.050595
80 0.570602 0.610243 0.211310 0.038938
80 0.358300 0.612599 0.212632 0.041171
80 0.152943 0.613467 0.211310 0.042411
80 0.158896 0.647817 0.209987 0.040179
80 0.361772 0.643849 0.208333 0.039187
80 0.572255 0.643601 0.209987 0.041171
80 0.783069 0.647941 0.218254 0.038938
80 0.199570 0.704117 0.200066 0.035714
80 0.199570 0.735863 0.193452 0.041667
80 0.196429 0.768601 0.199735 0.043651
80 0.394015 0.766989 0.201389 0.042411
80 0.392361 0.733383 0.196098 0.038194
80 0.393188 0.702257 0.198413 0.034474
80 0.589286 0.696925 0.197090 0.025794
80 0.587632 0.730903 0.201058 0.045139
80 0.587632 0.767237 0.198413 0.038938
80 0.788525 0.768973 0.210648 0.044891
80 0.785384 0.737971 0.205026 0.042411
80 0.787698 0.705357 0.213624 0.043155
275 0.188988 0.831473 0.162368 0.030506
275 0.354167 0.829985 0.189815 0.031994
275 0.354167 0.853919 0.185847 0.042659
275 0.161376 0.884301 0.209656 0.062748
275 0.150959 0.934400 0.206680 0.031002
275 0.354332 0.933656 0.193452 0.031994
275 0.363757 0.902902 0.199074 0.045883
275 0.571429 0.844370 0.203042 0.063740
275 0.582672 0.915303 0.218254 0.063740
275 0.778935 0.827257 0.212632 0.033978
275 0.779101 0.857763 0.216931 0.058284
275 0.808532 0.914931 0.227513 0.062500
