62 0.073041 0.935516 0.097966 0.122354
62 0.161954 0.925595 0.083829 0.146825
329 0.237227 0.903108 0.077629 0.150132
329 0.297743 0.865079 0.076637 0.142196
33 0.368056 0.852348 0.076885 0.129299
33 0.424727 0.834821 0.065724 0.120040
235 0.579861 0.784061 0.060516 0.102513
235 0.615203 0.770337 0.045883 0.095569
208 0.645337 0.753638 0.034722 0.095238
338 0.384549 0.670635 0.109871 0.054233
338 0.384673 0.711806 0.089782 0.076389
246 0.287946 0.693122 0.069940 0.064153
246 0.222594 0.701885 0.069692 0.066468
132 0.137525 0.725364 0.077133 0.077712
132 0.051339 0.737269 0.097222 0.077712
132 0.053571 0.801587 0.083829 0.060185
132 0.130828 0.788029 0.069692 0.060185
338 0.222594 0.757606 0.061756 0.054233
246 0.287946 0.743056 0.060516 0.060185
233 0.287946 0.429563 0.104663 0.064153
233 0.305556 0.369874 0.062500 0.066468
233 0.253844 0.366898 0.049355 0.073082
243 0.081473 0.212632 0.162450 0.104497
243 0.081473 0.144180 0.161458 0.102513
5 0.328621 0.072751 0.051587 0.142857
5 0.370164 0.079861 0.048859 0.155754
13 0.407118 0.087632 0.041915 0.158069
13 0.443080 0.101687 0.043403 0.157077
11 0.491939 0.114583 0.065228 0.170966
280 0.544147 0.096726 0.024802 0.084325
280 0.557912 0.106316 0.021577 0.081019
280 0.578621 0.115410 0.034722 0.074735
280 0.538442 0.170470 0.022817 0.072421
280 0.560888 0.180225 0.034970 0.068783
280 0.588542 0.187996 0.036706 0.071098
239 0.616443 0.189484 0.028026 0.080688
239 0.635789 0.196098 0.030506 0.078704
239 0.654018 0.203538 0.029762 0.076389
188 0.670759 0.208664 0.024554 0.074074
188 0.704365 0.227513 0.029762 0.055556
307 0.723462 0.233631 0.024306 0.054563
307 0.736359 0.238757 0.015873 0.048280
307 0.768973 0.248347 0.020089 0.050926
68 0.784474 0.253307 0.025794 0.050926
68 0.796627 0.258102 0.018353 0.048611
311 0.663194 0.298280 0.032242 0.041667
311 0.690724 0.303406 0.028770 0.040675
349 0.703249 0.313327 0.010169 0.027447
333 0.715526 0.329034 0.031250 0.058201
333 0.735491 0.334160 0.019097 0.055886
311 0.686136 0.337798 0.029514 0.034061
311 0.661582 0.333499 0.028522 0.035384
3 0.438864 0.271164 0.058284 0.088624
3 0.478299 0.281581 0.052331 0.081019
3 0.529638 0.291501 0.057788 0.081019
38 0.634921 0.308697 0.022321 0.075728
38 0.617560 0.305390 0.029266 0.077712
38 0.593378 0.295635 0.037946 0.089947
66 0.216642 0.185185 0.099950 0.089947
66 0.212674 0.243056 0.092014 0.074074
66 0.291295 0.262070 0.074157 0.063823
66 0.298487 0.206019 0.088046 0.076720
0 0.351314 0.253142 0.029514 0.036706
0 0.387153 0.260582 0.035714 0.039683
250 0.371032 0.432540 0.039187 0.059524
250 0.371776 0.375992 0.040675 0.062831
250 0.410342 0.383267 0.041419 0.062169
250 0.407614 0.438823 0.040923 0.053571
250 0.430308 0.439980 0.006944 0.050595
250 0.452753 0.390377 0.035962 0.058532
250 0.476562 0.390212 0.020585 0.054233
250 0.499752 0.393188 0.034722 0.054894
250 0.523686 0.395833 0.022073 0.054894
250 0.542411 0.398644 0.027282 0.054563
82 0.570561 0.399967 0.035962 0.051257
82 0.598710 0.403439 0.029266 0.049603
82 0.616815 0.404266 0.015873 0.045966
82 0.613591 0.448578 0.021825 0.041997
82 0.593626 0.448413 0.029514 0.041667
82 0.569072 0.447586 0.029514 0.041336
250 0.523934 0.443948 0.033482 0.046627
250 0.495412 0.443783 0.033482 0.045635
250 0.472098 0.442130 0.020585 0.047619
250 0.450521 0.441468 0.034474 0.048280
349 0.684276 0.551918 0.020833 0.028439
349 0.705233 0.550761 0.023562 0.028108
349 0.732391 0.548776 0.024802 0.030754
349 0.752232 0.547454 0.026290 0.030093
349 0.758309 0.508598 0.019593 0.034392
349 0.743428 0.508763 0.026042 0.035384
349 0.711930 0.509755 0.030010 0.037368
349 0.690228 0.512401 0.020833 0.032738
52 0.040055 0.409392 0.079613 0.080026
52 0.115451 0.409888 0.078621 0.080357
244 0.118552 0.533730 0.075397 0.078704
244 0.041047 0.537533 0.081597 0.090939
244 0.039683 0.603505 0.079365 0.053571
244 0.116567 0.599868 0.074901 0.060847
52 0.191840 0.347553 0.071181 0.083333
52 0.196677 0.420139 0.074901 0.068452
39 0.180928 0.578869 0.040923 0.105489
39 0.221106 0.578208 0.046379 0.104167
39 0.267857 0.574570 0.048115 0.101521
39 0.304067 0.571098 0.041171 0.096561
21 0.342634 0.567460 0.036954 0.094577
21 0.374876 0.564319 0.033482 0.090939
21 0.436260 0.559028 0.036210 0.086971
21 0.461434 0.556878 0.030010 0.084656
207 0.510293 0.524140 0.041419 0.052249
207 0.541667 0.523313 0.038690 0.049934
207 0.571305 0.517526 0.031994 0.039021
207 0.570064 0.561508 0.038938 0.054233
207 0.534474 0.564319 0.024306 0.036045
207 0.508805 0.565972 0.023065 0.036045
236 0.610863 0.516700 0.034226 0.048611
236 0.638517 0.517692 0.031498 0.050595
236 0.661830 0.516700 0.025546 0.048611
236 0.659474 0.557540 0.028274 0.039683
236 0.633681 0.560185 0.028274 0.039021
236 0.607267 0.559524 0.027034 0.042328
92 0.639757 0.449570 0.021081 0.038029
92 0.653398 0.443948 0.021577 0.030093
92 0.670015 0.441138 0.023562 0.036376
212 0.690972 0.448909 0.021329 0.040675
212 0.708209 0.450231 0.019593 0.040013
345 0.727059 0.445767 0.024058 0.033069
271 0.456969 0.656415 0.043899 0.056217
271 0.493304 0.654101 0.039683 0.051587
271 0.483383 0.696594 0.032242 0.043981
271 0.457093 0.703042 0.028274 0.040344
152 0.536210 0.649140 0.037698 0.058201
152 0.532862 0.689319 0.031002 0.036706
152 0.560516 0.687004 0.033234 0.036706
152 0.564112 0.646991 0.031498 0.054563
296 0.597594 0.637070 0.026042 0.039352
296 0.612351 0.665509 0.027282 0.050595
296 0.587426 0.674603 0.025546 0.039021
86 0.654266 0.625331 0.038690 0.044974
86 0.683160 0.624669 0.019593 0.043651
86 0.673983 0.657903 0.026042 0.033399
86 0.652406 0.661541 0.023065 0.032077
73 0.814360 0.593750 0.019593 0.029431
217 0.831225 0.626157 0.018601 0.034722
217 0.833581 0.592262 0.014385 0.035053
73 0.782738 0.634259 0.020833 0.033069
73 0.798239 0.634921 0.021081 0.031746
152 0.806300 0.618552 0.004960 0.003638
284 0.762897 0.592427 0.022321 0.033399
284 0.737599 0.594907 0.017857 0.038360
284 0.757937 0.639385 0.015873 0.040013
284 0.742436 0.647652 0.018105 0.031415
204 0.747644 0.742229 0.018601 0.040013
204 0.751116 0.701224 0.020585 0.042659
204 0.767361 0.697917 0.018849 0.036045
204 0.764757 0.734458 0.024058 0.041667
264 0.800719 0.725860 0.021081 0.041667
264 0.788814 0.720238 0.020585 0.063492
264 0.792039 0.689649 0.024554 0.034722
264 0.806424 0.685681 0.013145 0.028108
231 0.825769 0.679067 0.014633 0.032077
231 0.837054 0.682209 0.017361 0.039021
231 0.831349 0.715774 0.025794 0.038029
143 0.687624 0.742890 0.039931 0.039352
143 0.686136 0.771164 0.036954 0.044312
265 0.713542 0.754464 0.028274 0.050595
157 0.726438 0.747851 0.027282 0.049272
96 0.473834 0.847222 0.032986 0.056217
96 0.475818 0.797123 0.036954 0.062500
96 0.504836 0.837467 0.038938 0.055225
96 0.509921 0.785714 0.039683 0.064815
96 0.541419 0.774967 0.032738 0.059193
96 0.538938 0.823578 0.037698 0.053902
109 0.723958 0.650628 0.015873 0.042659
109 0.705233 0.654266 0.019097 0.043320
