96 0.087798 0.776290 0.053571 0.063161
96 0.126736 0.782077 0.053571 0.052910
96 0.090650 0.719411 0.036458 0.056548
96 0.126736 0.726356 0.053571 0.059854
271 0.172743 0.726356 0.049851 0.051257
271 0.229415 0.725364 0.062500 0.050595
271 0.230283 0.780093 0.061756 0.066799
271 0.178571 0.779266 0.045635 0.056548
349 0.290923 0.715608 0.053571 0.060185
349 0.293775 0.775132 0.045883 0.060185
349 0.343626 0.772321 0.050843 0.059854
152 0.391369 0.775298 0.053571 0.057209
152 0.446181 0.767526 0.050595 0.068783
246 0.699033 0.756614 0.064732 0.060185
246 0.761657 0.756614 0.068452 0.060185
66 0.829861 0.756614 0.067460 0.064153
329 0.883681 0.748843 0.069940 0.070437
329 0.937376 0.742890 0.077133 0.073082
329 0.868056 0.685351 0.069940 0.066468
109 0.931548 0.679563 0.060516 0.060185
62 0.931548 0.863095 0.060516 0.108466
62 0.887525 0.900298 0.076637 0.124008
84 0.792783 0.937335 0.133681 0.053241
84 0.792907 0.871858 0.138393 0.079696
338 0.640501 0.852348 0.124256 0.071759
338 0.640501 0.929563 0.133681 0.083333
132 0.540923 0.941303 0.065476 0.065146
132 0.540923 0.873843 0.068452 0.071759
132 0.478299 0.870866 0.069692 0.066468
132 0.476190 0.952216 0.077877 0.077712
208 0.411954 0.939153 0.050595 0.100529
208 0.412078 0.866071 0.045883 0.060185
33 0.237103 0.916501 0.066468 0.127976
33 0.163938 0.919478 0.072917 0.133929
52 0.157614 0.136574 0.051835 0.057540
52 0.111979 0.142857 0.054315 0.054894
52 0.100818 0.189319 0.054812 0.043981
52 0.150298 0.184028 0.051091 0.042659
280 0.262773 0.140708 0.029018 0.075066
280 0.226190 0.163525 0.041667 0.071098
280 0.192832 0.166832 0.039435 0.071098
307 0.453993 0.103340 0.032490 0.059854
307 0.454613 0.167163 0.032738 0.084325
307 0.421875 0.166997 0.036706 0.087302
307 0.387897 0.171296 0.038690 0.083995
307 0.390377 0.110946 0.033730 0.054563
188 0.629340 0.066138 0.036458 0.085317
188 0.629340 0.141369 0.036954 0.068452
188 0.593254 0.070106 0.037698 0.094577
188 0.595238 0.143353 0.035714 0.067130
239 0.555804 0.137897 0.033730 0.082011
239 0.555308 0.066799 0.032242 0.074074
239 0.520337 0.056548 0.037202 0.109127
239 0.523686 0.142030 0.033482 0.075066
239 0.490079 0.140873 0.035218 0.083333
239 0.486731 0.054398 0.037450 0.104828
11 0.790179 0.124835 0.098710 0.086971
11 0.716518 0.130787 0.087302 0.080357
157 0.947049 0.227513 0.058284 0.079365
157 0.945188 0.298776 0.060020 0.075066
265 0.984499 0.306217 0.028026 0.059524
157 0.894593 0.306548 0.044643 0.060185
284 0.848214 0.307540 0.049107 0.062831
157 0.876488 0.244874 0.061508 0.065146
217 0.798487 0.302910 0.049355 0.052249
217 0.750248 0.305060 0.047619 0.053241
217 0.751612 0.244048 0.049851 0.074074
73 0.595238 0.250992 0.041171 0.033069
204 0.599330 0.320933 0.047371 0.054563
73 0.649802 0.234623 0.056548 0.053241
73 0.649802 0.309524 0.054563 0.053571
73 0.696057 0.242890 0.034970 0.037368
73 0.700397 0.313327 0.048611 0.063823
333 0.456721 0.321925 0.049851 0.074405
264 0.509425 0.325231 0.047123 0.062500
264 0.504836 0.270007 0.045387 0.070437
265 0.550099 0.269015 0.042659 0.060516
265 0.553943 0.325231 0.043899 0.057870
143 0.386409 0.340443 0.087302 0.043981
143 0.388269 0.297288 0.084573 0.046296
236 0.160962 0.449074 0.063988 0.062831
207 0.099206 0.451224 0.071429 0.067130
12 0.057292 0.445106 0.069444 0.061508
12 0.049975 0.505787 0.065228 0.063161
207 0.105779 0.507440 0.056796 0.051257
236 0.161334 0.503472 0.063740 0.053902
303 0.532986 0.486938 0.028770 0.054563
92 0.500992 0.488757 0.035714 0.054894
92 0.465774 0.492394 0.033234 0.051587
92 0.466766 0.437831 0.034722 0.060185
92 0.501240 0.436177 0.034722 0.052249
243 0.615699 0.440146 0.115327 0.057540
243 0.614335 0.488757 0.113095 0.049603
296 0.713294 0.563492 0.055060 0.064815
296 0.765873 0.559524 0.056052 0.064815
296 0.815848 0.558532 0.058780 0.064153
296 0.818824 0.615741 0.052827 0.053571
296 0.766741 0.617394 0.057292 0.053571
296 0.713666 0.619048 0.055804 0.052910
109 0.970858 0.553902 0.055308 0.058201
109 0.921131 0.555390 0.051587 0.057870
109 0.872024 0.556548 0.054563 0.063492
109 0.871900 0.613591 0.054315 0.051918
109 0.921875 0.610615 0.054067 0.053241
109 0.969618 0.607970 0.051339 0.054563
21 0.295883 0.616237 0.040675 0.087632
21 0.324405 0.613922 0.031250 0.092923
39 0.359127 0.613757 0.044643 0.091931
39 0.390501 0.611772 0.036458 0.088624
39 0.417659 0.611772 0.035218 0.088624
38 0.523438 0.605159 0.037450 0.091931
38 0.489583 0.605985 0.033730 0.092923
38 0.457589 0.607143 0.037202 0.095238
3 0.576513 0.605820 0.063244 0.080026
3 0.646577 0.602844 0.072421 0.081349
86 0.505828 0.715278 0.065228 0.061508
86 0.569692 0.715443 0.064484 0.063161
246 0.632688 0.716601 0.062004 0.064815
246 0.632688 0.772156 0.062996 0.048280
86 0.569320 0.771825 0.063740 0.051587
86 0.507068 0.771495 0.063740 0.058862
82 0.258061 0.583995 0.028522 0.058201
82 0.252976 0.636574 0.039187 0.052910
82 0.213170 0.636078 0.044891 0.054563
250 0.161210 0.637235 0.059028 0.052910
250 0.161210 0.587467 0.044643 0.051918
233 0.116195 0.637070 0.034970 0.055225
233 0.082341 0.638558 0.040179 0.052910
0 0.355283 0.497189 0.037450 0.059854
212 0.393477 0.496032 0.033482 0.054233
212 0.429563 0.493056 0.033730 0.058201
349 0.345362 0.715278 0.047371 0.049603
152 0.389757 0.727348 0.047371 0.052579
8 0.083829 0.903274 0.072421 0.060516
8 0.095114 0.962798 0.074157 0.043320
