268 0.545800 0.353051 0.095569 0.059276
268 0.545966 0.302207 0.091270 0.071181
201 0.841766 0.604911 0.094907 0.095734
201 0.755787 0.612723 0.101521 0.095982
260 0.667824 0.629340 0.103505 0.108879
260 0.572090 0.644965 0.112434 0.123264
61 0.467758 0.645957 0.115410 0.106895
61 0.361111 0.659598 0.121693 0.111359
261 0.249008 0.670387 0.130952 0.115079
261 0.120040 0.689980 0.149471 0.111607
342 0.786210 0.105531 0.182209 0.209573
194 0.934358 0.117436 0.131283 0.191716
15 0.751653 0.307664 0.111772 0.137649
108 0.862765 0.304936 0.142857 0.132688
305 0.644015 0.477059 0.123347 0.134673
117 0.742890 0.467634 0.130622 0.135665
78 0.854332 0.458085 0.130622 0.136409
53 0.949735 0.563616 0.100529 0.147569
34 0.942791 0.737351 0.114418 0.171131
218 0.929729 0.930432 0.140542 0.139137
315 0.293816 0.506448 0.137235 0.133929
22 0.414683 0.496280 0.121032 0.128472
22 0.522321 0.492808 0.110119 0.114583
97 0.577712 0.482515 0.011905 0.116319
