214 0.596994 0.103230 0.077206 0.140715
214 0.661440 0.110150 0.077206 0.140715
15 0.716155 0.139418 0.062067 0.084487
214 0.759083 0.145329 0.059256 0.081892
201 0.931012 0.142301 0.060554 0.109285
315 0.880190 0.139418 0.066176 0.103518
29 0.219939 0.076557 0.122837 0.150807
29 0.326016 0.080017 0.114403 0.157728
53 0.431553 0.082468 0.104022 0.162630
53 0.523573 0.085640 0.097751 0.168973
34 0.218858 0.317330 0.122405 0.218858
34 0.331423 0.318916 0.111375 0.209343
30 0.430904 0.325115 0.104455 0.192330
130 0.523356 0.328287 0.095588 0.181949
261 0.937176 0.275952 0.070285 0.103806
201 0.846345 0.358852 0.070285 0.107555
22 0.890247 0.360871 0.061635 0.101788
261 0.936419 0.366349 0.066176 0.100634
201 0.797145 0.358564 0.058824 0.111592
201 0.750973 0.361159 0.061202 0.107555
201 0.701990 0.361592 0.062716 0.109573
261 0.648573 0.362168 0.062716 0.110727
261 0.601535 0.350346 0.081099 0.137255
261 0.609970 0.266292 0.065095 0.106401
164 0.234537 0.566465 0.098400 0.167532
164 0.317907 0.561563 0.089100 0.160035
50 0.399221 0.558535 0.087370 0.148212
330 0.476427 0.552047 0.090830 0.145617
194 0.564987 0.548875 0.081964 0.132930
75 0.638733 0.545704 0.077638 0.130623
78 0.704693 0.546424 0.066393 0.117070
78 0.755515 0.542964 0.068988 0.115917
305 0.805363 0.539792 0.070069 0.114764
305 0.854131 0.536621 0.063798 0.114764
117 0.904196 0.533160 0.064014 0.111880
218 0.238214 0.782872 0.111808 0.221453
218 0.333586 0.763697 0.100562 0.225779
181 0.425822 0.766724 0.092128 0.186851
181 0.506920 0.753172 0.090830 0.181084
97 0.586181 0.747549 0.088452 0.168685
97 0.669766 0.733420 0.080882 0.175029
342 0.740809 0.729383 0.084559 0.153691
187 0.815095 0.726499 0.085640 0.135813
187 0.876298 0.713812 0.071367 0.138697
205 0.251514 0.949394 0.095156 0.101211
205 0.339965 0.949250 0.089100 0.101499
7 0.417604 0.959775 0.064014 0.080450
7 0.476427 0.935409 0.066609 0.129181
15 0.662846 0.918973 0.059256 0.162053
15 0.713992 0.915225 0.056877 0.122261
85 0.561743 0.915946 0.100562 0.111592
35 0.771518 0.908449 0.067258 0.128893
35 0.827638 0.894031 0.068339 0.124856
