157 0.008805 0.269676 0.017609 0.038690
157 0.008805 0.227679 0.017609 0.047288
284 0.075893 0.262897 0.024802 0.041667
265 0.054688 0.264716 0.019097 0.041336
265 0.028398 0.266865 0.018601 0.039683
217 0.100198 0.259590 0.024306 0.044312
284 0.056548 0.219246 0.021329 0.042989
284 0.075149 0.217427 0.019345 0.046627
284 0.089038 0.173280 0.029266 0.032407
284 0.113219 0.172950 0.020089 0.033069
217 0.108879 0.205522 0.028770 0.032077
239 0.124752 0.249504 0.019345 0.059193
239 0.141245 0.248016 0.021081 0.058862
239 0.159722 0.246197 0.023313 0.059854
188 0.181548 0.249339 0.018353 0.049603
188 0.199033 0.248181 0.020089 0.049934
307 0.217262 0.246197 0.018353 0.051257
307 0.256076 0.242560 0.014633 0.053241
307 0.238343 0.243882 0.022817 0.051918
280 0.324529 0.183862 0.026042 0.050926
280 0.320561 0.230985 0.028026 0.067791
280 0.296503 0.232474 0.023065 0.068122
280 0.274802 0.233962 0.023313 0.064484
280 0.341890 0.229001 0.015625 0.038690
280 0.356771 0.231812 0.014633 0.035053
52 0.438988 0.176587 0.047123 0.066138
52 0.439236 0.232804 0.046131 0.054233
52 0.395957 0.235946 0.042411 0.052579
52 0.395585 0.181217 0.041171 0.062831
143 0.554936 0.183366 0.075149 0.060516
143 0.554688 0.228836 0.074653 0.045635
11 0.640749 0.187500 0.072669 0.113757
264 0.123388 0.323082 0.024554 0.048280
264 0.123388 0.369378 0.025546 0.042989
264 0.102059 0.324239 0.023562 0.047950
204 0.102183 0.367560 0.023810 0.040013
204 0.080605 0.325066 0.023810 0.046296
204 0.080357 0.364914 0.023313 0.032738
73 0.059524 0.327050 0.019841 0.044974
73 0.059648 0.366898 0.019097 0.035384
73 0.041295 0.321098 0.019593 0.031746
73 0.038566 0.368882 0.024554 0.036706
243 0.105655 0.447917 0.055556 0.043320
243 0.107391 0.481151 0.051091 0.032407
243 0.058904 0.478340 0.050843 0.030093
243 0.054688 0.446263 0.054315 0.038029
0 0.156870 0.479993 0.027034 0.040675
0 0.175719 0.481316 0.027530 0.041997
0 0.194816 0.483962 0.020585 0.041997
82 0.268477 0.491071 0.023065 0.042328
82 0.245660 0.489418 0.028026 0.042989
82 0.220486 0.487599 0.026786 0.041336
12 0.330109 0.450728 0.035714 0.054233
236 0.329489 0.497685 0.036954 0.044312
236 0.301959 0.490741 0.025546 0.050265
207 0.412450 0.456019 0.041667 0.055556
207 0.412450 0.505126 0.041667 0.048611
207 0.373512 0.501488 0.042163 0.046627
207 0.373388 0.453538 0.040427 0.052579
250 0.448165 0.508102 0.030754 0.048611
250 0.487599 0.512401 0.031250 0.048611
233 0.544891 0.516865 0.033234 0.052249
233 0.581101 0.520172 0.041171 0.053571
233 0.625124 0.524967 0.037946 0.053902
21 0.624256 0.635251 0.032738 0.091270
21 0.588294 0.628638 0.032738 0.088624
21 0.559028 0.624669 0.031250 0.085317
38 0.306052 0.585979 0.024306 0.071429
38 0.330605 0.587632 0.028274 0.074735
38 0.351190 0.589616 0.026786 0.078704
38 0.370040 0.592593 0.019841 0.078704
3 0.508557 0.618386 0.055804 0.078042
3 0.460689 0.612765 0.056300 0.071429
3 0.410466 0.605489 0.049603 0.068122
296 0.207961 0.545966 0.033978 0.048280
296 0.239831 0.548776 0.043155 0.050595
296 0.275794 0.548776 0.031250 0.049272
296 0.270585 0.591601 0.040675 0.046296
296 0.235119 0.590443 0.029762 0.041336
296 0.207093 0.585648 0.029762 0.041667
212 0.108755 0.570271 0.018601 0.032738
212 0.091766 0.569279 0.018353 0.032077
345 0.142609 0.578208 0.023810 0.031415
345 0.160714 0.579861 0.021825 0.034722
345 0.177703 0.583829 0.021577 0.034722
92 0.074157 0.565642 0.016865 0.032738
92 0.060020 0.565476 0.022321 0.029101
92 0.044643 0.564153 0.020833 0.027778
329 0.060392 0.637070 0.028522 0.076389
329 0.086434 0.643684 0.026538 0.074405
109 0.140377 0.672454 0.023810 0.043320
109 0.115451 0.667328 0.034474 0.041005
86 0.247272 0.699901 0.036706 0.048611
86 0.247520 0.655589 0.035714 0.055225
86 0.211062 0.692956 0.038690 0.041997
86 0.208705 0.651290 0.048859 0.051918
86 0.187252 0.638393 0.037698 0.040013
86 0.177331 0.680556 0.032738 0.049603
152 0.288690 0.708333 0.036706 0.051587
152 0.287326 0.662202 0.033978 0.049272
349 0.323289 0.674934 0.038938 0.055556
349 0.325025 0.719742 0.035466 0.045966
349 0.358259 0.682870 0.038442 0.056878
349 0.359871 0.727513 0.035218 0.044312
271 0.518105 0.718915 0.047619 0.064153
271 0.519841 0.769511 0.043155 0.048280
271 0.475694 0.708003 0.047619 0.062169
271 0.478795 0.757606 0.040427 0.049603
271 0.438740 0.747354 0.041667 0.051587
271 0.438120 0.698247 0.045387 0.060516
349 0.402902 0.693452 0.047371 0.056217
349 0.398438 0.736442 0.039435 0.050926
96 0.620040 0.736772 0.051091 0.073413
96 0.570188 0.730489 0.050595 0.060847
96 0.569568 0.778770 0.049355 0.058201
96 0.618056 0.788525 0.053075 0.062500
235 0.464658 0.882440 0.050843 0.112103
235 0.428695 0.857970 0.053819 0.085648
33 0.583209 0.913029 0.064732 0.125000
33 0.527282 0.901620 0.064980 0.104167
246 0.209945 0.769511 0.031498 0.056878
246 0.209325 0.811673 0.032242 0.055225
246 0.176463 0.802249 0.035466 0.043651
246 0.174603 0.763724 0.046131 0.045304
132 0.287078 0.843254 0.041915 0.062169
132 0.252728 0.831349 0.048115 0.055556
208 0.326885 0.862599 0.042163 0.052579
208 0.362351 0.870040 0.032242 0.058862
246 0.124132 0.738261 0.039931 0.040675
246 0.146825 0.762401 0.015377 0.009590
246 0.138145 0.786376 0.034722 0.052249
246 0.113219 0.778604 0.036954 0.053241
