261 0.085518 0.322864 0.081149 0.103015
260 0.159800 0.318467 0.087391 0.104271
260 0.300874 0.318467 0.082397 0.099246
261 0.365169 0.314698 0.076155 0.099246
261 0.433208 0.313442 0.074906 0.091709
261 0.497503 0.313442 0.073658 0.096734
355 0.574906 0.363693 0.088639 0.106784
355 0.641698 0.358668 0.079900 0.106784
93 0.709738 0.354271 0.083645 0.105528
93 0.777154 0.352387 0.083645 0.106784
117 0.730337 0.528266 0.087391 0.106784
61 0.244070 0.583543 0.073658 0.091709
201 0.111111 0.467337 0.077403 0.097990
201 0.173533 0.467337 0.074906 0.095477
201 0.241573 0.464196 0.073658 0.096734
214 0.592385 0.137563 0.076155 0.114322
145 0.398252 0.710427 0.082397 0.106784
97 0.475655 0.701633 0.074906 0.106784
355 0.574906 0.689070 0.093633 0.109296
181 0.742197 0.674623 0.088639 0.113065
181 0.897004 0.666457 0.083645 0.106784
342 0.963795 0.660176 0.072409 0.106784
218 0.963795 0.807789 0.072409 0.143216
15 0.227216 0.893216 0.082397 0.175879
15 0.159176 0.886935 0.073658 0.158291
35 0.306492 0.878769 0.083645 0.134422
85 0.471910 0.841080 0.092385 0.116834
85 0.541199 0.839196 0.078652 0.123116
78 0.847066 0.521985 0.093633 0.106784
117 0.788390 0.527010 0.078652 0.106784
47 0.652310 0.528266 0.083645 0.104271
305 0.580524 0.528894 0.087391 0.103015
214 0.529338 0.136307 0.077403 0.116834
61 0.176030 0.587940 0.077403 0.092965
61 0.113608 0.591709 0.072409 0.095477
35 0.380774 0.875628 0.084894 0.135678
145 0.302747 0.710427 0.078652 0.116834
355 0.656055 0.680905 0.093633 0.110553
181 0.827715 0.684045 0.084894 0.109296
205 0.909488 0.800251 0.083645 0.133166
205 0.837079 0.824121 0.103620 0.153266
268 0.292759 0.129397 0.063670 0.062814
268 0.347066 0.129397 0.059925 0.060302
268 0.399501 0.130653 0.057428 0.060302
268 0.451935 0.130025 0.059925 0.059045
268 0.453184 0.175879 0.059925 0.047739
268 0.403870 0.175879 0.058677 0.047739
268 0.348939 0.175879 0.061174 0.050251
268 0.292135 0.175879 0.059925 0.050251
117 0.848315 0.354271 0.076155 0.105528
117 0.909488 0.353643 0.088639 0.104271
75 0.965668 0.344849 0.068664 0.114322
328 0.913858 0.521357 0.087391 0.103015
328 0.970037 0.517588 0.059925 0.103015
78 0.882647 0.526382 0.024969 0.090452
164 0.158552 0.720477 0.094881 0.129397
164 0.238452 0.716709 0.092385 0.121859
61 0.308989 0.576005 0.063670 0.086683
315 0.371411 0.574749 0.063670 0.084171
315 0.431960 0.571608 0.062422 0.080402
315 0.488764 0.555276 0.056180 0.077889
201 0.304619 0.461683 0.064919 0.086683
355 0.367041 0.455402 0.067416 0.091709
355 0.431336 0.453518 0.063670 0.087940
355 0.496255 0.450377 0.066167 0.086683
