315 0.047743 0.297784 0.083581 0.106151
315 0.109251 0.297619 0.078125 0.108466
204 0.177703 0.291832 0.073165 0.088955
204 0.240079 0.293816 0.069444 0.086971
265 0.303571 0.293816 0.066468 0.088955
265 0.362227 0.293816 0.068204 0.093585
217 0.418899 0.302579 0.060516 0.083333
217 0.478423 0.305390 0.056548 0.080357
284 0.418775 0.176587 0.060764 0.089286
284 0.351438 0.172619 0.066468 0.093254
157 0.283978 0.169808 0.066468 0.092262
73 0.218626 0.165840 0.068204 0.094907
73 0.152158 0.161045 0.071181 0.095238
280 0.466642 0.178571 0.042907 0.095238
280 0.505704 0.176587 0.042659 0.099868
280 0.547743 0.176587 0.045883 0.103836
307 0.604291 0.187335 0.051835 0.095569
307 0.640501 0.191303 0.045883 0.090278
307 0.677579 0.192295 0.051587 0.090278
52 0.857267 0.327050 0.061756 0.068783
52 0.793775 0.326058 0.065724 0.068783
3 0.703001 0.547784 0.071181 0.080357
3 0.801587 0.539848 0.053571 0.083003
3 0.760417 0.547454 0.056548 0.083003
296 0.646453 0.655093 0.052827 0.076058
296 0.598586 0.655258 0.057788 0.077712
109 0.549231 0.669974 0.051835 0.054233
109 0.499876 0.674107 0.052827 0.055886
109 0.451017 0.677249 0.051835 0.050265
349 0.742932 0.627480 0.057292 0.048611
349 0.702257 0.665840 0.047867 0.058532
349 0.744916 0.672123 0.052331 0.044643
96 0.708457 0.737103 0.057788 0.052910
96 0.703745 0.771329 0.047867 0.052579
208 0.748140 0.769511 0.048363 0.053571
132 0.597222 0.770503 0.054563 0.049603
132 0.647817 0.770337 0.053075 0.049272
86 0.379712 0.786706 0.056548 0.038360
86 0.437872 0.786706 0.053819 0.038360
271 0.491691 0.777943 0.047371 0.048611
271 0.537202 0.777282 0.047123 0.047288
243 0.621280 0.895007 0.093254 0.057870
338 0.523065 0.876323 0.111111 0.041667
338 0.520585 0.909392 0.084821 0.033730
33 0.700397 0.871693 0.063492 0.084656
33 0.750992 0.861772 0.051587 0.068122
246 0.425595 0.909226 0.061012 0.057870
246 0.361359 0.911210 0.062500 0.061839
62 0.244172 0.899967 0.062252 0.121362
62 0.297495 0.887566 0.051835 0.099868
329 0.266617 0.768849 0.065972 0.085317
329 0.320064 0.771329 0.056796 0.080357
38 0.301835 0.663194 0.039187 0.088955
38 0.269717 0.663194 0.047371 0.088955
38 0.232763 0.663194 0.051835 0.088955
21 0.343998 0.666336 0.044147 0.079365
21 0.378720 0.659557 0.042659 0.090939
21 0.406250 0.656085 0.031250 0.082672
236 0.344370 0.556713 0.051835 0.059193
236 0.400670 0.556548 0.047371 0.058862
250 0.463046 0.553075 0.057044 0.067130
250 0.509425 0.552745 0.032738 0.067130
250 0.524926 0.548280 0.029018 0.058201
233 0.597470 0.553571 0.043155 0.068122
233 0.635789 0.554398 0.042411 0.066468
207 0.212922 0.498843 0.070188 0.071759
207 0.273438 0.501157 0.073165 0.075728
207 0.279762 0.559689 0.061012 0.055225
207 0.223214 0.560351 0.068948 0.055886
92 0.194320 0.410549 0.053323 0.069775
92 0.238715 0.410714 0.048363 0.070106
345 0.287078 0.404101 0.040427 0.060185
345 0.325149 0.405919 0.044643 0.059193
75 0.067832 0.623347 0.111359 0.103175
223 0.139385 0.621693 0.087798 0.105159
164 0.046999 0.763062 0.088046 0.094907
239 0.735863 0.182870 0.061508 0.119709
239 0.760045 0.188492 0.054812 0.111111
11 0.810516 0.170470 0.101190 0.160384
