53 0.176289 0.055376 0.175258 0.110752
29 0.574227 0.106306 0.204124 0.123686
29 0.773196 0.126920 0.197938 0.129345
29 0.885567 0.146726 0.113402 0.113985
130 0.638144 0.297494 0.129897 0.126112
130 0.503093 0.290622 0.156701 0.141471
130 0.348454 0.284559 0.202062 0.156831
130 0.131959 0.276071 0.239175 0.177041
197 0.843299 0.446241 0.107216 0.097009
197 0.756701 0.461196 0.115464 0.096200
187 0.641237 0.467259 0.127835 0.105093
187 0.496907 0.479386 0.202062 0.129345
342 0.174227 0.499596 0.216495 0.156831
181 0.184536 0.711803 0.245361 0.154406
181 0.358763 0.663298 0.127835 0.147939
181 0.503093 0.645918 0.197938 0.153597
181 0.628866 0.613581 0.140206 0.129345
97 0.730928 0.597413 0.117526 0.122878
29 0.964948 0.156427 0.065979 0.118836
30 0.754639 0.302344 0.111340 0.118027
30 0.854639 0.306386 0.101031 0.109943
30 0.936082 0.309620 0.086598 0.101859
130 0.694845 0.302344 0.020619 0.118027
23 0.921649 0.446241 0.057732 0.105093
23 0.976289 0.438965 0.047423 0.103476
97 0.823711 0.582862 0.105155 0.111560
97 0.900000 0.565885 0.109278 0.101859
97 0.967010 0.547696 0.065979 0.092967
205 0.947423 0.674212 0.101031 0.132579
218 0.809278 0.736055 0.162887 0.152789
218 0.668041 0.759499 0.185567 0.151172
34 0.519588 0.792239 0.164948 0.134196
34 0.362887 0.840340 0.197938 0.159256
34 0.202062 0.907437 0.247423 0.183508
342 0.316495 0.490299 0.158763 0.146322
