219 0.145625 0.040625 0.035000 0.081250
219 0.173906 0.039583 0.030312 0.079167
151 0.209219 0.042361 0.029687 0.084722
151 0.240313 0.043403 0.030625 0.086806
272 0.268750 0.044444 0.031250 0.088889
272 0.299063 0.044444 0.031250 0.088889
304 0.326406 0.047569 0.029063 0.095139
304 0.355625 0.050347 0.030625 0.100694
64 0.400469 0.068750 0.033438 0.095833
64 0.438594 0.068750 0.045937 0.091667
64 0.478750 0.070833 0.038125 0.095833
171 0.516719 0.059722 0.039688 0.112500
1 0.558750 0.052778 0.031875 0.063889
179 0.576406 0.098958 0.025313 0.050694
1 0.551875 0.098958 0.022500 0.049306
320 0.648594 0.098958 0.030937 0.071528
320 0.648594 0.032639 0.035937 0.065278
225 0.437656 0.181944 0.027187 0.083333
225 0.409375 0.180903 0.026875 0.082639
225 0.393750 0.179167 0.025000 0.079167
49 0.368281 0.196875 0.027813 0.106250
49 0.342031 0.193750 0.027187 0.109722
49 0.315625 0.193750 0.026875 0.112500
49 0.287344 0.193056 0.027187 0.109722
141 0.231719 0.181944 0.030312 0.119444
141 0.205156 0.184028 0.027187 0.119444
141 0.178906 0.181944 0.027187 0.119444
141 0.145781 0.179167 0.030312 0.113889
341 0.164219 0.350000 0.027813 0.120833
341 0.192500 0.353819 0.035000 0.120139
341 0.227656 0.353819 0.031563 0.120139
340 0.258906 0.352778 0.036562 0.125000
340 0.294219 0.353819 0.036562 0.124306
144 0.330156 0.355903 0.027187 0.120139
144 0.357656 0.358681 0.030312 0.120139
200 0.393750 0.322569 0.026250 0.059028
200 0.433750 0.320833 0.033125 0.055556
200 0.474844 0.322569 0.033438 0.054861
344 0.506094 0.322569 0.027187 0.054861
344 0.537188 0.324306 0.030000 0.055556
314 0.575469 0.322569 0.030937 0.057639
206 0.549063 0.417361 0.026875 0.073611
142 0.524687 0.418750 0.026875 0.073611
142 0.500156 0.415278 0.027187 0.073611
324 0.473906 0.415278 0.028438 0.073611
324 0.443594 0.415278 0.027813 0.077778
222 0.418125 0.414583 0.028750 0.079167
306 0.570469 0.528472 0.034688 0.109722
192 0.605625 0.414583 0.033750 0.079167
206 0.575313 0.415278 0.028750 0.077778
222 0.393750 0.403472 0.026250 0.079167
160 0.395625 0.662500 0.022500 0.101389
160 0.420938 0.662500 0.026875 0.095833
160 0.449375 0.662500 0.030000 0.095833
171 0.474687 0.662500 0.026875 0.093056
63 0.501250 0.657639 0.026875 0.101389
63 0.522500 0.653472 0.026875 0.101389
63 0.545937 0.655556 0.026875 0.095833
63 0.568438 0.650000 0.026875 0.101389
56 0.666250 0.631250 0.026875 0.079167
56 0.749062 0.629167 0.026875 0.077778
298 0.724688 0.725000 0.031875 0.079167
298 0.747188 0.725000 0.028125 0.077778
56 0.691562 0.847917 0.031875 0.079167
160 0.606250 0.865278 0.024375 0.052778
171 0.403438 0.888889 0.029375 0.081944
171 0.425938 0.885069 0.028750 0.092361
171 0.446562 0.886806 0.027500 0.083333
171 0.467969 0.880208 0.025937 0.100694
100 0.334062 0.888194 0.026875 0.088889
100 0.302812 0.888194 0.026875 0.079167
100 0.256875 0.893750 0.026875 0.081944
100 0.223438 0.897222 0.026875 0.079167
100 0.202187 0.895139 0.026875 0.079167
100 0.183750 0.895139 0.026875 0.079167
100 0.194375 0.688889 0.030000 0.084722
100 0.218906 0.693750 0.029687 0.093056
100 0.247188 0.693750 0.026875 0.101389
100 0.318437 0.680903 0.026875 0.093750
100 0.343906 0.677083 0.027187 0.088889
100 0.301875 0.692014 0.030000 0.089583
100 0.173125 0.694444 0.026875 0.101389
100 0.173125 0.795139 0.026875 0.084722
100 0.197500 0.795139 0.026875 0.079167
100 0.218906 0.793056 0.027187 0.079167
100 0.249062 0.792361 0.026875 0.079167
100 0.279375 0.789583 0.026875 0.079167
100 0.303750 0.787500 0.026875 0.079167
100 0.331250 0.787500 0.026875 0.079167
100 0.353594 0.785417 0.021562 0.073611
49 0.260313 0.189583 0.023125 0.105556
40 0.366719 0.510764 0.022812 0.109028
40 0.339219 0.515278 0.022187 0.115278
40 0.315312 0.519792 0.023125 0.114583
100 0.279219 0.513542 0.040938 0.128472
100 0.244844 0.509028 0.037187 0.120833
100 0.207813 0.511111 0.036875 0.123611
100 0.172031 0.512153 0.039062 0.111806
100 0.278594 0.689236 0.024063 0.077083
282 0.628281 0.832292 0.031563 0.054861
282 0.658906 0.853125 0.024688 0.047917
259 0.660781 0.741319 0.019688 0.067361
259 0.638437 0.740972 0.022500 0.061111
259 0.615781 0.730556 0.021562 0.056944
259 0.595938 0.732292 0.018125 0.061806
355 0.767188 0.547222 0.025625 0.047222
189 0.609375 0.547917 0.030625 0.048611
189 0.641875 0.550000 0.033750 0.050000
46 0.771250 0.331597 0.032500 0.042361
46 0.735625 0.325347 0.036875 0.046528
173 0.699219 0.324306 0.037187 0.051389
46 0.660625 0.321181 0.033125 0.046528
46 0.623437 0.318056 0.035000 0.051389
24 0.620313 0.206944 0.023750 0.069444
215 0.645000 0.214236 0.021875 0.068750
215 0.668125 0.215278 0.025000 0.055556
198 0.587500 0.206250 0.031875 0.058333
198 0.553281 0.198958 0.032188 0.053472
177 0.689844 0.210417 0.018437 0.068056
177 0.707656 0.214583 0.019062 0.075000
334 0.727656 0.212500 0.020938 0.066667
334 0.747344 0.213194 0.019688 0.069444
355 0.787031 0.220833 0.019688 0.065278
355 0.767500 0.223611 0.019375 0.066667
292 0.434219 0.556597 0.017812 0.056250
292 0.451562 0.556597 0.016875 0.056250
111 0.392500 0.553125 0.019375 0.067361
111 0.412656 0.553125 0.019688 0.067361
325 0.502969 0.544792 0.015938 0.081250
325 0.483750 0.544792 0.015625 0.079861
325 0.470469 0.542361 0.012188 0.080556
178 0.535625 0.534028 0.019375 0.101389
355 0.706875 0.551389 0.030625 0.031944
355 0.707031 0.518403 0.030312 0.035417
355 0.737656 0.518403 0.028438 0.035417
355 0.737344 0.550694 0.029063 0.030556
184 0.666406 0.425347 0.019062 0.065972
184 0.682656 0.427778 0.019062 0.061111
173 0.710313 0.438194 0.034375 0.041667
32 0.641094 0.640625 0.020313 0.072917
32 0.621406 0.643403 0.020938 0.078472
32 0.601406 0.640625 0.020313 0.070139
178 0.520469 0.535764 0.014687 0.097917
45 0.636250 0.401389 0.035000 0.048611
45 0.637969 0.443403 0.032813 0.034028
122 0.743281 0.412500 0.028438 0.036111
122 0.741875 0.445486 0.028125 0.035417
103 0.477187 0.181597 0.019375 0.078472
103 0.498125 0.185417 0.018125 0.083333
103 0.518437 0.184722 0.020000 0.084722
298 0.705313 0.731944 0.018125 0.081944
298 0.686406 0.730903 0.023438 0.074306
56 0.724063 0.632292 0.021250 0.078472
56 0.702969 0.634375 0.016563 0.079861
56 0.684688 0.633681 0.019375 0.081250
