192 0.046296 0.123264 0.092593 0.074306
340 0.718981 0.217361 0.119444 0.129167
340 0.622222 0.227778 0.105556 0.113889
340 0.524537 0.230208 0.108333 0.120139
49 0.431944 0.242708 0.099074 0.103472
49 0.367130 0.240625 0.078704 0.103472
304 0.287500 0.245833 0.091667 0.105556
304 0.211111 0.242708 0.111111 0.107639
344 0.113889 0.238889 0.129630 0.072222
344 0.030556 0.239583 0.061111 0.062500
200 0.047222 0.353125 0.094444 0.070139
200 0.124537 0.353125 0.112037 0.067361
304 0.051389 0.438889 0.102778 0.076389
103 0.114815 0.437153 0.085185 0.081250
103 0.168056 0.434028 0.073148 0.072222
141 0.240741 0.389236 0.085185 0.106250
141 0.306019 0.388194 0.086111 0.105556
134 0.369444 0.387153 0.077778 0.097917
134 0.443519 0.385417 0.085185 0.105556
341 0.525926 0.379514 0.090741 0.103472
341 0.611574 0.374653 0.104630 0.111806
341 0.694444 0.368750 0.087037 0.113889
100 0.543519 0.499653 0.085185 0.100694
100 0.611574 0.493750 0.076852 0.088889
100 0.675463 0.490625 0.082407 0.092361
341 0.457407 0.506250 0.090741 0.113889
304 0.381481 0.520833 0.081481 0.100000
304 0.317593 0.521181 0.081481 0.100694
304 0.256944 0.521181 0.078704 0.097917
100 0.446296 0.652083 0.075926 0.086111
100 0.386111 0.647917 0.075926 0.094444
100 0.345370 0.650694 0.075926 0.094444
100 0.284259 0.655556 0.075926 0.090278
63 0.194444 0.648958 0.085185 0.100694
63 0.129630 0.651736 0.085185 0.100694
171 0.062037 0.655556 0.085185 0.097222
100 0.061574 0.751389 0.076852 0.072222
100 0.114352 0.751389 0.076852 0.072222
100 0.212500 0.744792 0.069444 0.074306
100 0.306019 0.824653 0.067593 0.074306
100 0.356481 0.821875 0.061111 0.067361
100 0.398611 0.818056 0.073148 0.063889
100 0.543056 0.807986 0.060185 0.067361
100 0.593056 0.799306 0.058333 0.065278
100 0.646759 0.801042 0.058333 0.067361
100 0.592130 0.723264 0.063889 0.061806
100 0.542593 0.657986 0.061111 0.057639
100 0.608796 0.645833 0.069444 0.083333
100 0.656481 0.645833 0.068519 0.083333
100 0.400000 0.739583 0.059259 0.063889
100 0.353704 0.741667 0.059259 0.065278
100 0.309259 0.743403 0.061111 0.063194
100 0.151389 0.745833 0.056481 0.072222
100 0.051389 0.832639 0.063889 0.065278
100 0.100926 0.832639 0.053704 0.056944
100 0.141667 0.834722 0.059259 0.056944
100 0.190741 0.827778 0.053704 0.065278
100 0.543519 0.729861 0.061111 0.058333
100 0.634259 0.723264 0.059259 0.059028
100 0.689815 0.723264 0.053704 0.059028
100 0.459259 0.742708 0.068519 0.068750
55 0.179630 0.553472 0.070370 0.073611
249 0.120833 0.558333 0.071296 0.073611
306 0.051389 0.548958 0.084259 0.100694
219 0.491667 0.092361 0.055556 0.093056
219 0.440741 0.088889 0.077778 0.105556
219 0.383333 0.093056 0.059259 0.097222
272 0.719444 0.086806 0.068519 0.111111
272 0.650926 0.086458 0.074074 0.114583
272 0.581481 0.089931 0.079630 0.110417
151 0.294444 0.099653 0.059259 0.100694
151 0.234259 0.095139 0.072222 0.115278
151 0.162500 0.100000 0.073148 0.108333
