73 0.089616 0.044767 0.122354 0.071181
204 0.203869 0.048735 0.116733 0.065228
284 0.318122 0.042783 0.118386 0.085565
265 0.446263 0.047743 0.112103 0.076141
217 0.574074 0.050719 0.118386 0.076141
264 0.693122 0.051587 0.113757 0.083333
228 0.883763 0.305556 0.126653 0.095238
70 0.773313 0.302579 0.113426 0.097718
345 0.659061 0.312376 0.077381 0.072669
345 0.586806 0.312376 0.080357 0.076141
212 0.506779 0.310392 0.080357 0.076141
212 0.428571 0.312376 0.083995 0.074653
92 0.187335 0.310516 0.077050 0.066468
92 0.093585 0.307416 0.111772 0.069692
109 0.270337 0.402158 0.094246 0.064236
296 0.374835 0.404142 0.094907 0.060268
338 0.535053 0.398313 0.154101 0.046627
338 0.562335 0.466642 0.213294 0.074157
296 0.380787 0.474454 0.112103 0.083333
109 0.270337 0.474454 0.124008 0.087302
349 0.130622 0.473586 0.118386 0.085565
109 0.019511 0.504712 0.039021 0.058036
290 0.019345 0.600446 0.038690 0.065972
143 0.156085 0.582837 0.196429 0.067956
207 0.306382 0.573041 0.104828 0.070188
207 0.415013 0.578001 0.100529 0.062252
236 0.527282 0.567212 0.090939 0.065972
236 0.623843 0.567336 0.094907 0.062252
82 0.736276 0.639509 0.089616 0.068700
82 0.834656 0.645337 0.094577 0.060020
158 0.922784 0.645461 0.069775 0.057292
158 0.982143 0.645337 0.033730 0.055060
158 0.982308 0.589658 0.030093 0.059276
158 0.925761 0.584821 0.069775 0.064484
82 0.843585 0.586806 0.085979 0.068948
82 0.792659 0.582837 0.095899 0.066468
39 0.934028 0.465526 0.094246 0.110615
39 0.857143 0.460689 0.064153 0.099950
21 0.792493 0.460441 0.078373 0.111359
21 0.733962 0.454365 0.057209 0.109127
207 0.306382 0.642485 0.093585 0.063244
207 0.416667 0.642113 0.102513 0.062996
12 0.525132 0.641865 0.089947 0.062500
12 0.631283 0.641865 0.110450 0.062500
143 0.152447 0.653274 0.173942 0.042163
271 0.117890 0.779142 0.116733 0.076637
271 0.220073 0.765749 0.099537 0.069196
271 0.221230 0.716518 0.120370 0.045139
132 0.335648 0.763021 0.117063 0.069196
132 0.337963 0.707589 0.107804 0.028274
86 0.455192 0.724082 0.122685 0.061756
86 0.460317 0.778894 0.121693 0.057292
86 0.580026 0.723462 0.125000 0.061012
86 0.581680 0.777902 0.121693 0.057292
246 0.689980 0.724082 0.103505 0.063244
246 0.797123 0.739955 0.123347 0.064236
152 0.944940 0.722966 0.105489 0.058036
152 0.946759 0.782862 0.101190 0.064732
329 0.286376 0.914311 0.135582 0.126736
84 0.475364 0.915179 0.244378 0.086806
84 0.474372 0.867560 0.237765 0.035218
243 0.698578 0.872892 0.202050 0.050843
243 0.698578 0.921131 0.192791 0.048115
