64 0.128704 0.040625 0.172222 0.081250
64 0.294213 0.048177 0.162500 0.096354
64 0.447685 0.054688 0.154630 0.108854
19 0.598843 0.083464 0.129167 0.074219
19 0.716435 0.094010 0.129167 0.071354
200 0.566204 0.181120 0.132407 0.071615
200 0.694676 0.189844 0.143981 0.069792
200 0.819676 0.198828 0.132870 0.065885
339 0.114815 0.151172 0.159259 0.071615
339 0.271065 0.163542 0.153241 0.068229
339 0.415509 0.174870 0.143056 0.065365
178 0.070833 0.267057 0.093519 0.110156
178 0.167824 0.272526 0.091204 0.108594
146 0.270833 0.288021 0.072222 0.086458
146 0.347454 0.291406 0.072685 0.085417
146 0.411343 0.294922 0.072685 0.083594
196 0.491898 0.300781 0.103241 0.081250
103 0.589583 0.305339 0.093056 0.079427
347 0.668287 0.308724 0.085648 0.078906
225 0.750926 0.312240 0.089815 0.077083
225 0.821759 0.315104 0.084259 0.076042
111 0.078009 0.393490 0.086574 0.078646
111 0.163889 0.396224 0.082407 0.076823
111 0.254167 0.399089 0.079630 0.075781
137 0.358102 0.408333 0.075463 0.061458
137 0.431250 0.410807 0.073611 0.060156
292 0.499537 0.412891 0.071296 0.059635
177 0.081481 0.499609 0.082407 0.071094
334 0.167361 0.499870 0.075463 0.071615
87 0.261806 0.505990 0.078241 0.062500
87 0.360185 0.506250 0.076852 0.062500
184 0.449537 0.504948 0.083333 0.065625
184 0.515741 0.504948 0.063889 0.066146
89 0.600926 0.513932 0.092593 0.050260
89 0.687037 0.514583 0.091667 0.048438
89 0.761111 0.514714 0.100926 0.047656
106 0.747685 0.490365 0.077778 0.003125
122 0.736806 0.578516 0.116204 0.041927
287 0.608565 0.575391 0.146759 0.042969
122 0.732176 0.611589 0.112500 0.027865
287 0.596065 0.611589 0.138426 0.031510
297 0.117824 0.578125 0.167130 0.044792
174 0.296759 0.576953 0.139815 0.048177
297 0.110185 0.615104 0.151852 0.035937
174 0.299537 0.613672 0.136111 0.035677
46 0.451389 0.576823 0.137037 0.046354
46 0.446296 0.614583 0.133333 0.031250
189 0.249537 0.669661 0.135185 0.045052
189 0.116898 0.672917 0.140278 0.046875
189 0.108333 0.708203 0.138889 0.035156
27 0.245139 0.703385 0.132870 0.038021
320 0.732639 0.686458 0.105093 0.056250
320 0.633796 0.686458 0.105556 0.056771
56 0.260648 0.784635 0.092593 0.071875
56 0.173148 0.787109 0.093519 0.076302
56 0.079398 0.787891 0.094907 0.078385
259 0.372917 0.784245 0.089352 0.063281
259 0.454167 0.782292 0.089815 0.059375
259 0.533102 0.780339 0.087500 0.055469
32 0.631713 0.770312 0.087500 0.063021
32 0.706944 0.768880 0.076852 0.060677
298 0.583102 0.854167 0.068056 0.059375
298 0.646759 0.851823 0.071296 0.057813
198 0.713194 0.849609 0.065278 0.051823
282 0.262269 0.872135 0.093056 0.063021
282 0.335417 0.866927 0.126389 0.063542
282 0.429167 0.863411 0.111111 0.066927
173 0.386806 0.694141 0.131944 0.048177
184 0.508333 0.690755 0.132407 0.049219
173 0.499074 0.654687 0.127778 0.025521
