208 0.049479 0.859028 0.030208 0.048611
208 0.049479 0.809028 0.025000 0.041667
236 0.194271 0.660069 0.037500 0.039583
236 0.198177 0.624306 0.033854 0.041667
236 0.244792 0.654861 0.034375 0.041667
236 0.245833 0.618056 0.030208 0.036111
52 0.244792 0.563889 0.033333 0.041667
52 0.277083 0.564583 0.037500 0.043056
52 0.317708 0.564236 0.039583 0.042361
355 0.355208 0.557986 0.033333 0.053472
207 0.355208 0.504514 0.032292 0.035417
246 0.399219 0.502431 0.034896 0.035417
42 0.593490 0.494792 0.027604 0.038194
42 0.615885 0.494792 0.026562 0.038194
42 0.636458 0.492014 0.026042 0.039583
109 0.846354 0.487153 0.029167 0.039583
109 0.955729 0.482292 0.038542 0.039583
0 0.956771 0.549653 0.038542 0.042361
0 0.923698 0.550694 0.033854 0.041667
92 0.839583 0.557292 0.037500 0.035417
239 0.483854 0.321181 0.023958 0.065972
239 0.415365 0.322917 0.025521 0.065278
239 0.434635 0.331597 0.015104 0.045139
239 0.451302 0.332986 0.019271 0.040972
239 0.394792 0.334722 0.016667 0.041667
188 0.510417 0.271181 0.028125 0.064583
239 0.535677 0.281250 0.024479 0.059722
188 0.536719 0.328819 0.023438 0.043750
188 0.512500 0.324653 0.026042 0.049306
307 0.559896 0.280556 0.026042 0.061111
307 0.594271 0.266319 0.027083 0.063194
307 0.593229 0.321528 0.027083 0.052778
307 0.619010 0.321181 0.026562 0.052083
307 0.619531 0.265972 0.024479 0.062500
68 0.648177 0.266319 0.025521 0.063194
68 0.667708 0.273611 0.016667 0.058333
68 0.702865 0.262847 0.031771 0.065972
68 0.729688 0.262500 0.033333 0.066667
68 0.726302 0.317708 0.029687 0.050694
68 0.698698 0.317708 0.029687 0.052083
68 0.667448 0.322569 0.015104 0.043750
68 0.647917 0.320139 0.025000 0.050000
333 0.774479 0.311806 0.043750 0.061111
333 0.815625 0.309722 0.040625 0.059722
207 0.344531 0.620833 0.040104 0.047222
207 0.347656 0.661458 0.034896 0.035417
207 0.317188 0.648611 0.029167 0.045833
207 0.289323 0.645139 0.032813 0.044444
109 0.414323 0.643056 0.036979 0.043056
109 0.416406 0.608681 0.039062 0.027083
109 0.448698 0.639583 0.033854 0.050000
349 0.502344 0.636458 0.032813 0.042361
349 0.535937 0.642361 0.035417 0.045833
349 0.576562 0.643056 0.036458 0.044444
349 0.615365 0.653125 0.039062 0.050694
349 0.659375 0.654861 0.042708 0.047222
271 0.775000 0.625347 0.046875 0.031250
271 0.774479 0.656250 0.045833 0.043056
271 0.680208 0.629514 0.030208 0.034028
271 0.712500 0.630556 0.034375 0.036111
212 0.614583 0.561111 0.027083 0.038889
212 0.639844 0.560764 0.025521 0.039583
345 0.669010 0.560764 0.026562 0.039583
355 0.512240 0.556250 0.035937 0.054167
355 0.548958 0.555208 0.037500 0.056250
212 0.579948 0.553472 0.029687 0.055556
355 0.475000 0.557986 0.035417 0.053472
355 0.440104 0.555903 0.036458 0.050694
355 0.396615 0.557292 0.040104 0.053472
316 0.358594 0.724306 0.058854 0.038889
316 0.359896 0.755208 0.055208 0.027083
143 0.302604 0.750347 0.062500 0.038194
143 0.298958 0.722222 0.058333 0.037500
66 0.415625 0.720486 0.046875 0.045139
66 0.415625 0.753472 0.045833 0.031944
152 0.456771 0.712500 0.037500 0.041667
152 0.456771 0.751042 0.036458 0.036806
152 0.491927 0.750694 0.035937 0.038889
132 0.536458 0.711111 0.042708 0.040278
84 0.536198 0.746528 0.042188 0.038889
132 0.579948 0.745139 0.045312 0.041667
132 0.622917 0.740278 0.042708 0.034722
86 0.824740 0.712847 0.049479 0.042361
86 0.867188 0.707639 0.044792 0.036111
86 0.924219 0.709722 0.070312 0.041667
84 0.880208 0.749306 0.063542 0.052778
86 0.825000 0.751389 0.050000 0.040278
86 0.936458 0.752778 0.053125 0.048611
296 0.866406 0.609722 0.041146 0.040278
296 0.861979 0.655208 0.038542 0.032639
296 0.820833 0.654861 0.042708 0.033333
296 0.814583 0.609375 0.035417 0.038194
75 0.983073 0.642361 0.033854 0.076389
166 0.983854 0.738889 0.032292 0.088889
29 0.964844 0.852778 0.057813 0.091667
84 0.874479 0.855208 0.079167 0.047917
84 0.784115 0.858333 0.068229 0.047222
338 0.669010 0.863889 0.092188 0.065278
338 0.656510 0.804861 0.081771 0.043056
338 0.570052 0.812153 0.084896 0.046528
338 0.573698 0.860069 0.069271 0.046528
243 0.484635 0.799653 0.073438 0.018750
243 0.485417 0.822222 0.072917 0.026389
243 0.486979 0.842708 0.069792 0.020139
243 0.487240 0.862153 0.070312 0.020139
243 0.487240 0.880208 0.071354 0.021528
243 0.413802 0.812847 0.071354 0.040972
243 0.413802 0.839236 0.072396 0.020139
243 0.414062 0.856944 0.070833 0.018056
243 0.414323 0.873611 0.071354 0.025000
235 0.315104 0.849306 0.044792 0.061111
235 0.356510 0.841667 0.043229 0.077778
33 0.264583 0.852083 0.047917 0.068056
33 0.223438 0.851736 0.048958 0.067361
8 0.136198 0.861806 0.044271 0.037500
8 0.133594 0.828125 0.044271 0.035417
8 0.088542 0.830903 0.047917 0.040972
8 0.090365 0.865625 0.050521 0.035417
109 0.028125 0.512153 0.016667 0.034028
158 0.052865 0.510764 0.033854 0.035417
109 0.077344 0.509722 0.026562 0.036111
233 0.107552 0.506250 0.038021 0.040278
82 0.279427 0.503125 0.028646 0.038194
82 0.308594 0.502431 0.031771 0.039583
244 0.164062 0.568403 0.043750 0.039583
244 0.132292 0.567014 0.034375 0.043750
52 0.210938 0.565972 0.034375 0.043056
62 0.154427 0.644792 0.047396 0.070139
62 0.117969 0.643403 0.045312 0.072917
62 0.086458 0.643056 0.046875 0.072222
3 0.156250 0.606597 0.042708 0.011806
96 0.157812 0.750000 0.036458 0.036111
96 0.158594 0.712500 0.034896 0.040278
96 0.129427 0.709028 0.026562 0.033333
96 0.099740 0.707986 0.036979 0.032639
96 0.121615 0.748611 0.042188 0.048611
96 0.093229 0.747569 0.039583 0.049306
3 0.248958 0.734028 0.038542 0.048611
3 0.251563 0.758333 0.033333 0.020833
3 0.216667 0.718750 0.047917 0.030556
3 0.214323 0.735069 0.043229 0.025694
3 0.213021 0.753125 0.040625 0.027083
329 0.308854 0.422569 0.048958 0.061806
329 0.356771 0.414236 0.050000 0.075694
329 0.458073 0.412847 0.051562 0.074306
329 0.403385 0.414236 0.042188 0.072917
280 0.625260 0.418403 0.025521 0.053472
21 0.639062 0.419097 0.006250 0.050694
345 0.607031 0.419444 0.013021 0.051389
280 0.590365 0.419444 0.024479 0.052778
280 0.566927 0.420486 0.023438 0.052083
280 0.544271 0.420833 0.022917 0.051389
21 0.671354 0.409375 0.025000 0.068750
21 0.697396 0.410069 0.029167 0.065972
21 0.718229 0.410069 0.019792 0.064583
21 0.747656 0.406597 0.031771 0.070139
39 0.780729 0.406250 0.034375 0.069444
39 0.806771 0.405556 0.025000 0.068056
38 0.861198 0.403125 0.034896 0.070139
38 0.889583 0.403125 0.033333 0.068750
38 0.916146 0.403472 0.027083 0.069444
38 0.942708 0.403125 0.032292 0.067361
218 0.956510 0.267708 0.070312 0.134028
307 0.562500 0.327431 0.025000 0.042361
271 0.503646 0.498611 0.027083 0.036111
329 0.478385 0.499653 0.027604 0.038194
343 0.430990 0.504861 0.030729 0.045833
343 0.455729 0.500347 0.019792 0.046528
345 0.701302 0.562500 0.025521 0.043056
345 0.728385 0.567014 0.027604 0.035417
345 0.750260 0.561806 0.020313 0.037500
92 0.804948 0.565278 0.025521 0.041667
92 0.776823 0.560417 0.027604 0.044444
92 0.891406 0.560417 0.025521 0.041667
92 0.864323 0.560069 0.024479 0.039583
33 0.177344 0.850694 0.040104 0.061111
