194 0.079531 0.060890 0.131682 0.121780
194 0.196545 0.069756 0.119948 0.139512
194 0.313722 0.080127 0.120274 0.160254
75 0.406780 0.098862 0.086050 0.156240
75 0.484355 0.108565 0.088005 0.144865
75 0.569589 0.128304 0.088983 0.140181
130 0.653683 0.128304 0.105280 0.160254
130 0.719850 0.142857 0.075945 0.155905
29 0.765808 0.165440 0.062907 0.126129
29 0.811441 0.174306 0.062907 0.125125
194 0.854791 0.185179 0.066819 0.116761
30 0.942797 0.191034 0.062256 0.120442
30 0.980443 0.202743 0.039113 0.114420
330 0.888038 0.339077 0.054433 0.094011
50 0.833279 0.335062 0.060300 0.096019
50 0.779661 0.335062 0.054107 0.095350
355 0.556877 0.320341 0.049870 0.092004
305 0.508638 0.278187 0.070730 0.112078
240 0.439863 0.268484 0.078553 0.118100
117 0.352021 0.260622 0.082138 0.121111
117 0.271675 0.249749 0.092243 0.126798
78 0.178781 0.243894 0.096154 0.136501
78 0.079368 0.234025 0.117014 0.150887
61 0.079368 0.401639 0.092243 0.118100
61 0.162158 0.401639 0.083768 0.116761
260 0.252608 0.401639 0.092568 0.112078
261 0.391297 0.404650 0.070730 0.098695
261 0.458931 0.399799 0.068449 0.099030
261 0.513527 0.400803 0.060300 0.088993
201 0.311278 0.529274 0.082138 0.107728
315 0.232236 0.537805 0.082464 0.112078
315 0.150750 0.537973 0.078553 0.121111
315 0.079368 0.550686 0.092243 0.118434
108 0.443611 0.516393 0.065841 0.096019
268 0.211864 0.679993 0.063233 0.066577
268 0.150750 0.680161 0.068123 0.070258
268 0.085724 0.685012 0.073012 0.067916
268 0.089635 0.748745 0.076923 0.079625
268 0.162321 0.741887 0.073012 0.067916
214 0.311115 0.792907 0.066819 0.109067
214 0.369785 0.784878 0.066819 0.099030
214 0.251304 0.823185 0.076923 0.106056
308 0.167373 0.838909 0.074641 0.112078
308 0.104954 0.872198 0.081486 0.123787
7 0.321219 0.938441 0.112451 0.123118
7 0.414439 0.927735 0.112451 0.144530
35 0.494622 0.888759 0.078553 0.126129
35 0.556877 0.865340 0.072034 0.138173
205 0.688070 0.820341 0.084746 0.169957
23 0.759289 0.805453 0.072034 0.121445
23 0.807855 0.796587 0.066819 0.106390
218 0.859355 0.762462 0.062907 0.133824
218 0.894231 0.748745 0.062907 0.121111
218 0.940189 0.718300 0.055085 0.106390
342 0.947686 0.606557 0.072034 0.095684
342 0.891786 0.608565 0.063233 0.095684
97 0.825619 0.631984 0.082138 0.114420
97 0.745274 0.646705 0.066819 0.127802
181 0.688070 0.658414 0.074316 0.124456
181 0.625652 0.678153 0.074641 0.127133
181 0.556877 0.696889 0.085072 0.151890
268 0.208116 0.721144 0.064211 0.067916
201 0.371089 0.537805 0.078553 0.079291
108 0.508638 0.511542 0.070730 0.099030
164 0.720013 0.491803 0.068449 0.106390
164 0.769557 0.485112 0.063233 0.106390
145 0.811441 0.485112 0.060300 0.099030
145 0.854791 0.483105 0.060300 0.095684
34 0.894231 0.472399 0.060300 0.114420
34 0.937581 0.466377 0.055085 0.108397
34 0.975391 0.466377 0.049218 0.103714
47 0.620600 0.328873 0.064537 0.106390
47 0.665417 0.335564 0.039439 0.105721
223 0.710398 0.333389 0.062907 0.109401
223 0.753748 0.337069 0.033572 0.114754
262 0.942797 0.346771 0.038787 0.104717
53 0.977347 0.342924 0.034224 0.095684
187 0.595339 0.502175 0.081812 0.135162
187 0.657432 0.496822 0.065841 0.130478
186 0.348272 0.699063 0.051173 0.059886
186 0.306063 0.709769 0.047588 0.059217
186 0.299870 0.669287 0.056063 0.061894
186 0.281617 0.650385 0.052803 0.060221
186 0.333605 0.643024 0.055737 0.056875
15 0.449641 0.646537 0.130052 0.076614
214 0.426825 0.790231 0.058996 0.072934
