355 0.077009 0.158069 0.111359 0.170635
355 0.183408 0.187335 0.097966 0.123347
355 0.247892 0.185351 0.054812 0.132606
355 0.312376 0.187335 0.083581 0.136574
355 0.366071 0.193122 0.054563 0.132937
355 0.423735 0.214616 0.073165 0.103175
355 0.492063 0.225364 0.069444 0.092262
11 0.578001 0.220569 0.068204 0.108466
270 0.630704 0.226356 0.052083 0.092262
294 0.697173 0.229332 0.050595 0.108135
294 0.724454 0.229332 0.040179 0.106151
333 0.751860 0.255622 0.042907 0.064153
143 0.788938 0.269345 0.056548 0.047950
243 0.844618 0.272321 0.057292 0.040675
329 0.165799 0.748843 0.076637 0.100860
329 0.234251 0.738095 0.066716 0.076058
86 0.290923 0.726356 0.062500 0.059854
86 0.353423 0.720403 0.060516 0.058532
86 0.403150 0.711806 0.051835 0.056548
84 0.465774 0.697090 0.083829 0.051587
152 0.530134 0.687335 0.039435 0.047950
152 0.562376 0.683366 0.037946 0.047950
349 0.595486 0.674603 0.034226 0.041667
349 0.628844 0.667824 0.037450 0.041336
349 0.662078 0.664848 0.037450 0.041336
271 0.690352 0.659061 0.037450 0.041005
271 0.727431 0.649140 0.045635 0.041005
96 0.761533 0.645337 0.037450 0.039352
96 0.787946 0.643353 0.031250 0.034061
109 0.988219 0.568287 0.016617 0.031415
265 0.110367 0.377646 0.063988 0.073413
284 0.166295 0.382275 0.059772 0.062831
217 0.218378 0.382110 0.055308 0.061177
73 0.271949 0.380456 0.051835 0.061177
204 0.318204 0.380952 0.048611 0.058201
264 0.359499 0.380456 0.049851 0.056548
264 0.360119 0.318618 0.049603 0.067791
204 0.313616 0.317295 0.051339 0.067791
217 0.218378 0.315476 0.066220 0.072090
284 0.157118 0.313823 0.064732 0.075397
239 0.618924 0.373347 0.023562 0.064153
239 0.641741 0.373016 0.027530 0.064153
239 0.663938 0.372354 0.023313 0.064153
188 0.683780 0.378307 0.028770 0.051587
188 0.702009 0.378472 0.021081 0.051257
188 0.717014 0.378142 0.021329 0.050595
307 0.733383 0.378472 0.022817 0.050595
307 0.756200 0.376157 0.033234 0.057209
307 0.775670 0.375827 0.022073 0.055225
307 0.798239 0.376323 0.032986 0.055556
280 0.818080 0.377646 0.025546 0.050265
280 0.832341 0.376488 0.021329 0.051257
12 0.672247 0.480985 0.030506 0.040675
12 0.701017 0.479497 0.034970 0.040344
207 0.733879 0.477183 0.035218 0.039021
207 0.759177 0.475033 0.035218 0.040013
52 0.798363 0.470899 0.071429 0.043651
345 0.491939 0.443783 0.031994 0.035714
345 0.520089 0.443618 0.024802 0.035384
345 0.503100 0.485450 0.030506 0.044312
345 0.522941 0.487765 0.014137 0.026455
303 0.547867 0.485946 0.028770 0.034061
303 0.572669 0.485284 0.028770 0.034061
0 0.596478 0.484458 0.023313 0.044974
0 0.619420 0.483631 0.028026 0.045966
0 0.642733 0.481481 0.022569 0.048280
92 0.408358 0.494213 0.030010 0.041997
92 0.379712 0.497354 0.031746 0.040344
38 0.423735 0.599372 0.030506 0.079034
38 0.452133 0.597057 0.028770 0.074405
38 0.477555 0.595238 0.025546 0.071429
296 0.279390 0.629795 0.050347 0.047950
296 0.325397 0.628142 0.047619 0.044643
209 0.378720 0.621858 0.053571 0.032077
109 0.169519 0.650628 0.059276 0.052579
109 0.220238 0.646660 0.053571 0.044643
62 0.195064 0.846230 0.060764 0.085979
246 0.304688 0.837467 0.057788 0.069114
246 0.359127 0.828704 0.057044 0.052249
246 0.363343 0.871362 0.057540 0.058201
246 0.306176 0.881614 0.058284 0.056878
338 0.439856 0.842593 0.093998 0.070106
338 0.439360 0.798776 0.093502 0.050595
132 0.510913 0.785218 0.044643 0.052579
132 0.511161 0.822586 0.045139 0.047950
132 0.555432 0.774967 0.044891 0.055225
132 0.556300 0.809193 0.044643 0.048942
208 0.596726 0.764550 0.031250 0.040344
208 0.596726 0.801587 0.031250 0.046958
235 0.635913 0.778604 0.044147 0.071098
235 0.677827 0.775298 0.048115 0.066468
235 0.631572 0.744378 0.035466 0.005291
8 0.721106 0.766038 0.037946 0.046627
33 0.755208 0.746197 0.053075 0.077712
33 0.796999 0.740245 0.038938 0.065146
8 0.706721 0.721065 0.034474 0.030093
250 0.785342 0.562996 0.023562 0.038690
158 0.803695 0.562996 0.022073 0.030754
158 0.801215 0.530093 0.026538 0.033069
66 0.702753 0.552579 0.038442 0.041667
66 0.700769 0.582011 0.034474 0.027116
233 0.740575 0.570933 0.026786 0.032077
233 0.759425 0.568287 0.021825 0.035384
233 0.737599 0.536872 0.031250 0.037368
233 0.761285 0.535880 0.023065 0.040675
21 0.593006 0.574901 0.023810 0.063161
21 0.615451 0.574901 0.023065 0.063161
21 0.631076 0.573413 0.012649 0.060847
21 0.649430 0.572421 0.030506 0.064153
39 0.670139 0.570602 0.023313 0.062500
3 0.518105 0.590939 0.045635 0.054894
3 0.559524 0.588790 0.047123 0.050595
