30 0.852348 0.298239 0.035384 0.062252
164 0.472884 0.235615 0.156085 0.175595
29 0.375496 0.224578 0.150463 0.177827
29 0.225033 0.229787 0.185516 0.169891
34 0.093585 0.224702 0.183201 0.172123
78 0.593750 0.247520 0.151124 0.153274
30 0.773148 0.206225 0.229497 0.248760
121 0.935351 0.201141 0.129299 0.251984
53 0.036706 0.422743 0.069444 0.114831
53 0.104332 0.424479 0.084987 0.118800
97 0.191468 0.435764 0.166005 0.143353
97 0.176918 0.434400 0.115079 0.128224
97 0.315642 0.434276 0.150463 0.147817
187 0.505456 0.411210 0.120040 0.127480
181 0.635417 0.484375 0.180886 0.192956
191 0.821925 0.519097 0.206019 0.183036
35 0.950066 0.529142 0.099868 0.203125
23 0.070933 0.546503 0.098214 0.112351
23 0.136905 0.560516 0.109788 0.117560
130 0.216766 0.574777 0.116733 0.129712
75 0.302579 0.606771 0.109127 0.104415
194 0.395503 0.624752 0.115741 0.113591
50 0.499008 0.636037 0.105820 0.134177
305 0.584491 0.670635 0.103505 0.117560
78 0.676422 0.696181 0.113426 0.121528
117 0.796627 0.717138 0.125000 0.131696
330 0.935681 0.700893 0.125992 0.140873
205 0.241237 0.726811 0.133267 0.154018
7 0.370866 0.737847 0.140542 0.110615
85 0.509094 0.770957 0.107474 0.104415
85 0.635747 0.807168 0.116733 0.109871
108 0.721892 0.915551 0.084656 0.147073
15 0.837467 0.911706 0.111442 0.176587
15 0.939980 0.912822 0.111442 0.174355
