49 0.304769 0.341401 0.033019 0.106076
49 0.330975 0.341401 0.038260 0.106076
340 0.370545 0.341401 0.039832 0.106076
340 0.432390 0.341401 0.039832 0.106076
347 0.473270 0.350154 0.033543 0.098867
100 0.397537 0.195160 0.036164 0.091658
100 0.339361 0.195160 0.036164 0.091658
100 0.302411 0.191555 0.033543 0.094748
219 0.350105 0.063337 0.038784 0.091658
272 0.430031 0.054583 0.033019 0.094748
272 0.460954 0.056128 0.033019 0.089598
198 0.525681 0.084449 0.030398 0.055613
339 0.591195 0.081874 0.036688 0.056643
339 0.556342 0.083419 0.033019 0.051493
100 0.363208 0.198764 0.034591 0.082389
219 0.326782 0.057158 0.033019 0.077240
272 0.407757 0.054583 0.032495 0.078270
341 0.163522 0.865602 0.036688 0.126674
341 0.192086 0.867662 0.029874 0.124614
341 0.220126 0.876931 0.035639 0.124614
341 0.255241 0.878476 0.037736 0.121524
341 0.279350 0.884140 0.031447 0.120494
171 0.355608 0.880021 0.035115 0.089598
171 0.383386 0.880536 0.026730 0.090628
171 0.403040 0.877961 0.014675 0.085479
171 0.445755 0.881565 0.021488 0.092688
171 0.463836 0.882080 0.023061 0.093718
171 0.487683 0.882080 0.028826 0.093718
171 0.507338 0.882080 0.016771 0.093718
171 0.335692 0.877446 0.021488 0.084449
63 0.546384 0.886715 0.022537 0.094748
63 0.566824 0.887230 0.024633 0.095778
63 0.588050 0.887230 0.022013 0.095778
63 0.607442 0.888260 0.019916 0.097837
282 0.655922 0.892379 0.029874 0.106076
282 0.679769 0.887745 0.049266 0.096807
282 0.707809 0.893409 0.034067 0.108136
266 0.752096 0.917611 0.026205 0.074150
266 0.778302 0.917611 0.028302 0.074150
266 0.803459 0.917611 0.026205 0.074150
266 0.830189 0.918641 0.027254 0.076210
266 0.855870 0.918641 0.026205 0.076210
266 0.881551 0.918641 0.026205 0.076210
266 0.908805 0.918641 0.026205 0.076210
266 0.934748 0.919156 0.027778 0.077240
266 0.959644 0.920185 0.028302 0.079300
266 0.830451 0.745623 0.024633 0.078270
266 0.854298 0.745623 0.026205 0.078270
266 0.879193 0.746653 0.025681 0.080330
266 0.912736 0.751802 0.037212 0.090628
266 0.941038 0.753347 0.027778 0.093718
266 0.967243 0.754892 0.027778 0.084449
298 0.747642 0.731205 0.028826 0.096807
298 0.802673 0.749228 0.037212 0.112255
259 0.752883 0.630793 0.026730 0.066941
259 0.778826 0.631308 0.027254 0.067971
259 0.805556 0.631308 0.027254 0.067971
259 0.832023 0.631308 0.027778 0.067971
266 0.861635 0.637487 0.028302 0.080330
266 0.890199 0.637487 0.027778 0.080330
266 0.916929 0.638002 0.026730 0.081359
179 0.941562 0.637487 0.026730 0.080330
171 0.683438 0.679197 0.028302 0.112255
171 0.700996 0.670958 0.018344 0.099897
171 0.721698 0.679197 0.025157 0.112255
171 0.584119 0.671988 0.021488 0.095778
171 0.607442 0.678682 0.027254 0.107106
171 0.631813 0.689495 0.034067 0.087539
304 0.289570 0.661689 0.027778 0.110196
304 0.313417 0.666838 0.030398 0.106076
304 0.338574 0.666323 0.030398 0.105046
304 0.370807 0.659629 0.029874 0.106076
304 0.381551 0.671473 0.027254 0.105046
304 0.406709 0.670958 0.029350 0.106076
304 0.447589 0.650360 0.025157 0.087539
304 0.472484 0.664779 0.038260 0.116375
304 0.505241 0.667353 0.036688 0.117405
141 0.536164 0.667868 0.027254 0.120494
100 0.305556 0.482492 0.034591 0.108136
100 0.321541 0.494336 0.040356 0.109166
100 0.360325 0.490216 0.038260 0.115345
100 0.395440 0.494851 0.037212 0.110196
100 0.433438 0.495881 0.035639 0.110196
146 0.507600 0.505149 0.015199 0.064882
146 0.524371 0.505664 0.017296 0.067971
146 0.541929 0.505149 0.017820 0.071061
146 0.561583 0.505149 0.018344 0.071061
325 0.578878 0.505149 0.017296 0.071061
325 0.596174 0.505149 0.016247 0.071061
178 0.619235 0.506694 0.020440 0.096807
178 0.640461 0.506694 0.022013 0.098867
306 0.666143 0.507209 0.030398 0.099897
306 0.694182 0.507724 0.037212 0.100927
306 0.728512 0.507724 0.036688 0.100927
306 0.756551 0.504634 0.031971 0.094748
56 0.804769 0.514933 0.026730 0.080330
56 0.830451 0.516478 0.027778 0.081359
56 0.859277 0.517508 0.027778 0.081359
56 0.884172 0.517508 0.024109 0.083419
32 0.964099 0.528321 0.027778 0.072091
32 0.937893 0.527806 0.025681 0.073120
32 0.912212 0.527291 0.026730 0.072091
174 0.794811 0.386200 0.041405 0.043254
287 0.795597 0.425850 0.039832 0.036045
245 0.831499 0.411432 0.022537 0.064882
245 0.854298 0.411946 0.019916 0.065911
184 0.931866 0.407312 0.025157 0.058702
184 0.954403 0.407827 0.023061 0.057673
184 0.975367 0.407827 0.022013 0.057673
173 0.888103 0.382595 0.041405 0.040165
173 0.885744 0.421215 0.039832 0.039135
309 0.878931 0.307930 0.042977 0.037075
45 0.920860 0.307415 0.040881 0.036045
174 0.969078 0.307930 0.042977 0.037075
89 0.756027 0.299176 0.027778 0.048404
89 0.783805 0.299691 0.027778 0.049434
89 0.813417 0.299691 0.028302 0.049434
89 0.841195 0.300206 0.028302 0.050463
281 0.680031 0.325438 0.020440 0.014418
281 0.720912 0.325438 0.020440 0.014418
222 0.512055 0.277549 0.027254 0.066941
222 0.541143 0.280639 0.027778 0.064882
142 0.576782 0.280639 0.027778 0.062822
142 0.605084 0.280639 0.027778 0.062822
142 0.634958 0.281153 0.027778 0.063852
225 0.624214 0.192585 0.037736 0.051493
200 0.661950 0.192070 0.038784 0.052523
200 0.702830 0.192070 0.041929 0.052523
189 0.756289 0.166323 0.039832 0.042225
189 0.756813 0.203399 0.039832 0.033986
83 0.796646 0.203913 0.040881 0.032956
83 0.793501 0.167868 0.036688 0.039135
174 0.829927 0.189495 0.023585 0.061792
320 0.935010 0.194130 0.035639 0.056643
320 0.973795 0.193615 0.036688 0.055613
87 0.853249 0.190010 0.025157 0.062822
334 0.875524 0.186406 0.023585 0.067971
334 0.899895 0.185891 0.026205 0.069001
100 0.431604 0.196704 0.027778 0.105046
100 0.457023 0.197734 0.029350 0.102987
100 0.484801 0.198764 0.027254 0.100927
103 0.538522 0.179712 0.020440 0.073120
103 0.561583 0.179197 0.021488 0.074150
1 0.661164 0.034501 0.022537 0.058702
1 0.648585 0.078785 0.021488 0.029866
1 0.626572 0.078785 0.022537 0.029866
1 0.671122 0.079300 0.020440 0.030896
1 0.692348 0.078785 0.023061 0.031926
1 0.714099 0.078785 0.021488 0.029866
49 0.275157 0.348610 0.025157 0.095778
