269 0.098561 0.133305 0.163655 0.068557
269 0.102075 0.183030 0.168005 0.060516
232 0.241299 0.137325 0.092369 0.063055
232 0.241299 0.182607 0.093039 0.052052
232 0.327309 0.180279 0.097724 0.056708
232 0.326640 0.131824 0.099732 0.065595
232 0.329652 0.084215 0.095716 0.067711
232 0.419344 0.080618 0.095047 0.059670
232 0.418507 0.129496 0.100067 0.067711
232 0.419344 0.179856 0.099732 0.058400
273 0.507028 0.046339 0.087015 0.058824
273 0.506526 0.090563 0.086680 0.055861
273 0.508032 0.135209 0.085676 0.057977
273 0.509036 0.178375 0.083668 0.056284
273 0.582831 0.046128 0.086011 0.057554
273 0.582999 0.090774 0.085007 0.057977
273 0.584170 0.133728 0.084003 0.055861
273 0.584505 0.176894 0.084003 0.055861
128 0.664993 0.060728 0.099732 0.054592
128 0.665495 0.101143 0.096720 0.052476
128 0.666332 0.140288 0.094378 0.049513
48 0.665495 0.177529 0.096720 0.051206
128 0.752677 0.056496 0.095716 0.057977
48 0.752343 0.098392 0.097055 0.057131
128 0.752677 0.137325 0.095047 0.057131
48 0.752677 0.172873 0.095047 0.054592
224 0.778112 0.262378 0.087684 0.066864
224 0.700803 0.264706 0.082999 0.067287
224 0.622825 0.266822 0.089692 0.068134
224 0.622825 0.320355 0.089692 0.067711
224 0.700134 0.319086 0.085007 0.066864
224 0.777610 0.316547 0.086680 0.065171
224 0.773929 0.369869 0.090027 0.071096
224 0.700469 0.372620 0.082329 0.068980
224 0.622825 0.374524 0.087684 0.068557
237 0.505020 0.320990 0.152610 0.067287
237 0.508701 0.376428 0.156627 0.070673
237 0.341198 0.384257 0.133534 0.063479
237 0.344712 0.330089 0.146586 0.075328
139 0.227912 0.285654 0.097724 0.064325
139 0.139056 0.288193 0.098059 0.062632
139 0.221051 0.339611 0.105422 0.068134
139 0.129518 0.341092 0.099732 0.066864
139 0.131693 0.391240 0.100736 0.060516
139 0.224063 0.389970 0.098728 0.058824
102 0.185408 0.471011 0.173360 0.066018
102 0.187249 0.519467 0.167671 0.057977
102 0.182062 0.580406 0.166667 0.074058
102 0.332664 0.579560 0.155288 0.063902
102 0.332162 0.530047 0.154284 0.062209
102 0.332999 0.472916 0.149264 0.076598
283 0.517570 0.575963 0.167001 0.062632
283 0.521084 0.519678 0.161981 0.077867
283 0.512383 0.478206 0.145248 0.031316
283 0.674531 0.514388 0.193775 0.082522
283 0.681225 0.572577 0.179719 0.063479
168 0.784471 0.464875 0.062249 0.073212
168 0.784137 0.517351 0.059572 0.066441
168 0.784471 0.563267 0.056894 0.089716
275 0.501506 0.651714 0.150937 0.057554
275 0.507195 0.714135 0.160977 0.075751
275 0.506693 0.767245 0.155957 0.053322
275 0.683233 0.663775 0.177711 0.078290
275 0.682564 0.710749 0.182396 0.074058
275 0.678715 0.757512 0.174029 0.079560
80 0.320783 0.657850 0.168340 0.059670
80 0.148594 0.673297 0.195448 0.089716
80 0.144578 0.724503 0.179384 0.071942
80 0.150602 0.768938 0.178046 0.071942
80 0.321452 0.769996 0.175703 0.063055
80 0.321452 0.717520 0.175703 0.076598
275 0.497323 0.850825 0.133199 0.039357
275 0.502175 0.879391 0.140228 0.042319
275 0.503849 0.913246 0.140228 0.047397
275 0.510542 0.963606 0.159639 0.072789
275 0.654953 0.882776 0.155288 0.065171
275 0.686245 0.913034 0.195114 0.093525
275 0.690261 0.967626 0.193775 0.064748
80 0.336178 0.842361 0.153614 0.035971
80 0.322456 0.893356 0.177041 0.090563
80 0.324130 0.959162 0.181727 0.081676
80 0.152778 0.967837 0.179719 0.064325
80 0.152108 0.924672 0.177041 0.087177
80 0.159806 0.878544 0.175703 0.063479
80 0.182564 0.851248 0.167001 0.053745
175 0.919511 0.856538 0.124163 0.085485
175 0.928715 0.924037 0.120482 0.072366
175 0.930054 0.972916 0.125837 0.046551
119 0.789826 0.669065 0.036145 0.062632
119 0.789491 0.717943 0.034806 0.058824
119 0.789491 0.764071 0.031459 0.056284
326 0.891566 0.763648 0.078983 0.053745
326 0.891566 0.717520 0.076975 0.052899
326 0.890562 0.668007 0.072959 0.059670
326 0.945114 0.729158 0.048862 0.121879
128 0.926372 0.073424 0.087684 0.048667
128 0.926037 0.115954 0.087015 0.047397
128 0.925201 0.158908 0.086011 0.046974
326 0.888052 0.257723 0.047858 0.062632
326 0.944444 0.255396 0.075636 0.060516
326 0.945616 0.309987 0.073293 0.057977
326 0.944612 0.364791 0.075301 0.058400
326 0.886044 0.366060 0.045181 0.057554
326 0.886714 0.312103 0.046519 0.057977
168 0.879183 0.462759 0.056894 0.059670
168 0.949465 0.460643 0.074297 0.060516
168 0.945281 0.514177 0.065930 0.043165
168 0.945281 0.569826 0.065930 0.061363
168 0.878849 0.566653 0.062918 0.048244
168 0.879518 0.513754 0.054886 0.047397
175 0.950301 0.643673 0.072624 0.049937
