229 0.241625 0.928500 0.069250 0.092333
229 0.306000 0.914833 0.061500 0.081667
229 0.356750 0.931333 0.071500 0.120000
282 0.410500 0.922667 0.059500 0.094667
282 0.461375 0.931500 0.069250 0.117667
256 0.512000 0.916667 0.059500 0.096000
32 0.510125 0.819167 0.054750 0.089667
136 0.438750 0.819167 0.039000 0.086333
136 0.408500 0.819167 0.043000 0.092333
259 0.366625 0.821167 0.047750 0.082333
259 0.322625 0.824167 0.052750 0.082333
56 0.269875 0.822000 0.057250 0.089333
56 0.226875 0.822000 0.050750 0.089333
306 0.568750 0.661000 0.061500 0.089333
74 0.628250 0.663000 0.070500 0.092000
355 0.676125 0.664833 0.047750 0.082333
106 0.712250 0.663000 0.045500 0.092000
111 0.745375 0.664833 0.049250 0.086333
146 0.791375 0.663000 0.061750 0.089333
178 0.843125 0.661000 0.055750 0.092000
178 0.881250 0.660000 0.055500 0.092000
304 0.941750 0.614167 0.054500 0.112333
304 0.976750 0.609167 0.046500 0.107000
222 0.907500 0.553500 0.066500 0.084333
222 0.855750 0.553500 0.066500 0.087667
142 0.800125 0.553500 0.066250 0.087667
142 0.760125 0.553500 0.061750 0.087667
324 0.712250 0.553500 0.061500 0.092333
324 0.666375 0.555500 0.057250 0.087667
192 0.611750 0.553500 0.066500 0.082333
137 0.558000 0.557500 0.054500 0.086333
355 0.107750 0.301500 0.077000 0.114333
46 0.181000 0.313333 0.097000 0.091333
46 0.260125 0.313333 0.098250 0.089333
20 0.330500 0.308500 0.066500 0.093667
20 0.388000 0.305500 0.066500 0.096333
37 0.435875 0.306500 0.053750 0.098333
37 0.475000 0.305500 0.050000 0.099667
37 0.516000 0.306500 0.051500 0.096333
198 0.639000 0.319167 0.077000 0.114333
339 0.806000 0.324000 0.098000 0.106667
200 0.881625 0.325667 0.084750 0.104667
206 0.984875 0.162833 0.030250 0.122333
64 0.930125 0.157000 0.090250 0.130000
64 0.852000 0.157000 0.087000 0.130000
225 0.781625 0.160833 0.069250 0.123000
225 0.734750 0.160833 0.066500 0.123000
225 0.689750 0.159833 0.066500 0.123000
103 0.635125 0.160833 0.062250 0.123000
103 0.585250 0.160833 0.063500 0.123000
1 0.530625 0.164000 0.057250 0.120000
352 0.281500 0.165833 0.066500 0.114333
334 0.231750 0.160833 0.067000 0.123000
177 0.168375 0.164000 0.069250 0.120000
334 0.245500 0.041000 0.066500 0.082000
200 0.957875 0.320167 0.084250 0.107000
25 0.720750 0.324000 0.077000 0.104000
198 0.579500 0.324000 0.074500 0.104000
89 0.192000 0.416500 0.065500 0.070333
215 0.243250 0.416000 0.062000 0.069333
89 0.297750 0.415500 0.062500 0.069000
89 0.352125 0.415500 0.060250 0.069000
89 0.403375 0.415333 0.057750 0.068667
83 0.457375 0.415333 0.055250 0.068667
83 0.506750 0.415333 0.055500 0.068000
210 0.571125 0.452500 0.042750 0.095000
210 0.611125 0.451333 0.050750 0.096667
332 0.655875 0.452500 0.050250 0.095000
332 0.695875 0.451333 0.054250 0.096667
173 0.495125 0.603833 0.067250 0.041667
173 0.494750 0.641833 0.066000 0.041667
173 0.427500 0.643667 0.067000 0.044667
189 0.361250 0.644167 0.063000 0.045667
189 0.192625 0.639833 0.073750 0.060333
27 0.256750 0.639167 0.072000 0.059000
189 0.311000 0.638667 0.042000 0.058000
87 0.163625 0.503500 0.070750 0.047000
87 0.172125 0.544833 0.069250 0.042333
309 0.241125 0.541333 0.075750 0.047333
297 0.380250 0.540500 0.071000 0.045000
297 0.378375 0.497833 0.070750 0.043000
297 0.309625 0.503833 0.072750 0.053667
297 0.312750 0.543333 0.072500 0.038000
174 0.452250 0.535167 0.070000 0.051667
174 0.452000 0.487833 0.070000 0.048333
184 0.508625 0.516667 0.034750 0.076000
298 0.157875 0.930500 0.059750 0.103667
298 0.111875 0.939500 0.036750 0.095000
298 0.083625 0.924833 0.034250 0.055667
298 0.048250 0.916667 0.035500 0.057333
171 0.591375 0.756000 0.023250 0.075333
171 0.618875 0.741500 0.023250 0.052333
171 0.656500 0.756333 0.040500 0.072667
171 0.691125 0.762833 0.025250 0.077000
355 0.692625 0.867000 0.019750 0.068000
171 0.661750 0.868167 0.040000 0.070333
171 0.625625 0.871167 0.041750 0.069667
171 0.594625 0.868833 0.028750 0.066333
171 0.749625 0.854667 0.023250 0.076000
171 0.768750 0.829333 0.024500 0.079333
171 0.793375 0.809333 0.025750 0.078667
171 0.840875 0.864333 0.033750 0.078667
100 0.915875 0.817667 0.052250 0.093333
100 0.971125 0.843167 0.050250 0.099000
100 0.884875 0.933167 0.033250 0.063000
100 0.908000 0.928833 0.022000 0.055667
100 0.943500 0.931000 0.038000 0.053333
122 0.095125 0.190167 0.090250 0.056333
266 0.197875 0.721167 0.043750 0.067667
266 0.242250 0.722167 0.052000 0.070333
266 0.283375 0.721333 0.049750 0.065333
266 0.325125 0.721833 0.044750 0.074333
266 0.368500 0.718500 0.048500 0.066333
169 0.411000 0.717833 0.046500 0.074333
