109 0.109062 0.653115 0.061748 0.047743
349 0.168805 0.649198 0.068164 0.054084
349 0.228148 0.655166 0.061748 0.040656
349 0.230353 0.615069 0.077386 0.042521
86 0.168605 0.715591 0.076584 0.037673
86 0.172614 0.754756 0.076584 0.045878
86 0.247795 0.717643 0.071371 0.039537
86 0.244988 0.758672 0.072975 0.041029
86 0.318164 0.756807 0.076584 0.051473
296 0.390537 0.750839 0.069767 0.055203
296 0.446271 0.756621 0.061748 0.055576
132 0.514435 0.756807 0.076183 0.059679
271 0.575782 0.761656 0.069767 0.051473
208 0.645148 0.763521 0.057739 0.051473
143 0.821973 0.663745 0.077787 0.091384
233 0.771451 0.680530 0.069767 0.058560
233 0.717522 0.675681 0.064555 0.058560
250 0.665798 0.676613 0.051724 0.054457
250 0.620890 0.676613 0.051724 0.051473
82 0.575782 0.674748 0.056135 0.051473
82 0.575982 0.638568 0.054932 0.054457
250 0.623897 0.638568 0.050521 0.051473
250 0.670609 0.641365 0.050922 0.048862
233 0.719527 0.638568 0.053328 0.049235
233 0.773256 0.640433 0.059743 0.051473
333 0.865878 0.460463 0.083801 0.074972
333 0.792903 0.454681 0.083801 0.071615
204 0.030874 0.215405 0.058540 0.068258
284 0.087209 0.208504 0.074980 0.054457
231 0.100241 0.138941 0.074579 0.053338
204 0.047915 0.156471 0.044507 0.051100
73 0.158581 0.213353 0.066159 0.048489
280 0.214314 0.198993 0.050120 0.057068
280 0.262029 0.199179 0.048516 0.055949
280 0.307338 0.201790 0.048516 0.060425
188 0.355854 0.214472 0.050120 0.078329
188 0.404571 0.215218 0.049719 0.076837
307 0.454491 0.214286 0.048516 0.077956
307 0.509022 0.214472 0.058140 0.078329
307 0.571572 0.215964 0.054130 0.077583
307 0.620690 0.216337 0.055333 0.079075
239 0.670209 0.209623 0.054932 0.094741
239 0.718524 0.212048 0.060144 0.089892
307 0.387129 0.080007 0.044507 0.049608
307 0.433641 0.080567 0.046111 0.049981
307 0.483160 0.087840 0.043304 0.046624
307 0.576183 0.085043 0.048917 0.066393
307 0.615678 0.085229 0.043705 0.060052
307 0.613673 0.139127 0.045309 0.061917
307 0.569767 0.141925 0.050521 0.057068
307 0.520650 0.129243 0.054932 0.082432
307 0.475541 0.145841 0.041700 0.046997
307 0.431435 0.155912 0.042502 0.029094
307 0.387330 0.155352 0.046512 0.030213
239 0.716720 0.123648 0.056536 0.079448
13 0.818966 0.204028 0.101443 0.080567
13 0.809142 0.242074 0.081796 0.034316
244 0.679030 0.349496 0.087009 0.064901
52 0.759423 0.351175 0.092221 0.064528
246 0.402967 0.449273 0.092221 0.062290
246 0.496391 0.454868 0.085004 0.058560
338 0.585605 0.456733 0.099038 0.061544
311 0.659383 0.466430 0.068565 0.044386
311 0.712510 0.427639 0.079391 0.046624
311 0.719928 0.469974 0.073376 0.042521
92 0.128909 0.544759 0.049318 0.036927
92 0.180032 0.545319 0.048917 0.038046
345 0.293705 0.548676 0.043705 0.044759
345 0.336808 0.549981 0.045710 0.045132
345 0.377506 0.555763 0.044507 0.056695
264 0.047514 0.334763 0.066159 0.063036
265 0.107458 0.336628 0.070569 0.063036
157 0.167602 0.338680 0.059342 0.061171
217 0.217723 0.337561 0.063352 0.064155
62 0.170209 0.823946 0.082197 0.073107
329 0.249599 0.847631 0.080593 0.074226
329 0.316760 0.847818 0.081796 0.082059
329 0.381716 0.856210 0.075381 0.083924
329 0.452486 0.850988 0.072574 0.089146
235 0.526664 0.851921 0.079791 0.096233
33 0.684042 0.853413 0.089014 0.073107
33 0.609062 0.848937 0.084202 0.073107
345 0.426624 0.545505 0.042502 0.062290
228 0.486167 0.542148 0.066961 0.091384
228 0.541500 0.547557 0.061347 0.084297
21 0.592823 0.545505 0.049318 0.091384
21 0.637330 0.547557 0.056536 0.089519
38 0.682438 0.551660 0.055333 0.086535
290 0.732558 0.551473 0.056135 0.089146
39 0.780473 0.555017 0.060545 0.091011
21 0.824379 0.555576 0.052125 0.088400
96 0.708901 0.740022 0.059342 0.041775
96 0.706496 0.778627 0.055333 0.036181
8 0.768845 0.781052 0.084603 0.035062
8 0.779671 0.745431 0.085405 0.045132
