117 0.709677 0.194236 0.087097 0.177945
305 0.633871 0.187970 0.087097 0.185464
305 0.556452 0.181704 0.087097 0.187970
305 0.387097 0.251880 0.087097 0.182957
240 0.306452 0.246867 0.087097 0.187970
240 0.227419 0.240602 0.087097 0.185464
50 0.135484 0.219298 0.129032 0.213033
50 0.044355 0.214286 0.088710 0.218045
164 0.364516 0.545113 0.096774 0.213033
164 0.454839 0.545113 0.093548 0.213033
108 0.600000 0.602757 0.093548 0.197995
97 0.447581 0.790727 0.104839 0.233083
97 0.349194 0.788221 0.104839 0.233083
181 0.249194 0.807018 0.111290 0.240602
181 0.137903 0.814536 0.117742 0.240602
97 0.044355 0.814536 0.088710 0.235589
22 0.544355 0.406015 0.069355 0.150376
261 0.607258 0.409774 0.075806 0.147870
201 0.674194 0.413534 0.074194 0.150376
201 0.720161 0.409774 0.053226 0.147870
201 0.771774 0.411028 0.069355 0.145363
194 0.810484 0.413534 0.030645 0.150376
261 0.852419 0.421053 0.082258 0.145363
261 0.920968 0.431078 0.083871 0.135338
240 0.783871 0.200501 0.067742 0.170426
315 0.847581 0.216792 0.088710 0.147870
261 0.900806 0.221805 0.053226 0.142857
15 0.684677 0.606516 0.072581 0.195489
15 0.745968 0.605263 0.082258 0.197995
305 0.822581 0.612782 0.058065 0.087719
186 0.884677 0.611529 0.056452 0.090226
305 0.876613 0.667920 0.062903 0.072682
194 0.823387 0.666667 0.053226 0.075188
223 0.538710 0.636591 0.070968 0.125313
90 0.520968 0.857143 0.051613 0.110276
90 0.565323 0.820802 0.053226 0.132832
261 0.621774 0.832080 0.075806 0.165414
214 0.686290 0.847118 0.082258 0.160401
223 0.270161 0.557644 0.104839 0.187970
223 0.200000 0.533835 0.116129 0.185464
148 0.095161 0.545113 0.100000 0.197995
148 0.033871 0.542607 0.067742 0.203008
305 0.464516 0.258145 0.080645 0.175439
