232 0.090199 0.050000 0.140625 0.063855
232 0.218750 0.052410 0.136364 0.066265
232 0.345881 0.054819 0.126420 0.056627
232 0.449574 0.054217 0.106534 0.057831
232 0.448864 0.098193 0.110795 0.051807
232 0.334517 0.092169 0.137784 0.063855
232 0.202415 0.089759 0.140625 0.059036
232 0.074574 0.089157 0.143466 0.060241
232 0.071023 0.137952 0.139205 0.056627
232 0.203835 0.139157 0.140625 0.056627
232 0.335227 0.139157 0.133523 0.056627
232 0.449574 0.139759 0.115057 0.055422
139 0.090909 0.237349 0.136364 0.055422
139 0.220170 0.237952 0.136364 0.056627
139 0.088778 0.284940 0.132102 0.051807
139 0.085938 0.330120 0.134943 0.053012
139 0.213068 0.285542 0.136364 0.053012
139 0.211648 0.330723 0.133523 0.051807
139 0.341619 0.283735 0.134943 0.056627
139 0.337358 0.330723 0.129261 0.051807
139 0.455966 0.327108 0.110795 0.056627
139 0.455256 0.279518 0.106534 0.050602
283 0.656250 0.239759 0.235795 0.055422
283 0.656250 0.286145 0.232955 0.051807
283 0.656250 0.331928 0.232955 0.051807
283 0.879972 0.328916 0.228693 0.053012
283 0.880682 0.283133 0.232955 0.053012
283 0.879972 0.236747 0.237216 0.054217
213 0.605824 0.463855 0.066761 0.069880
213 0.689631 0.462048 0.123580 0.066265
213 0.794744 0.459036 0.129261 0.067470
213 0.904119 0.458434 0.134943 0.063855
213 0.911932 0.507229 0.122159 0.048193
213 0.800426 0.509639 0.115057 0.045783
213 0.688210 0.513253 0.120739 0.045783
213 0.605114 0.515663 0.062500 0.045783
72 0.172585 0.433735 0.248580 0.062651
72 0.169744 0.479518 0.245739 0.048193
72 0.169744 0.521687 0.245739 0.053012
72 0.385653 0.521687 0.194602 0.050602
72 0.385653 0.478916 0.194602 0.054217
72 0.402699 0.431928 0.211648 0.061446
80 0.409091 0.698193 0.215909 0.054217
80 0.401989 0.653614 0.221591 0.063855
80 0.409801 0.598193 0.208807 0.056627
80 0.178267 0.661446 0.237216 0.069880
80 0.178267 0.704819 0.234375 0.062651
80 0.199574 0.610241 0.223011 0.054217
237 0.662642 0.577108 0.171875 0.028916
237 0.843750 0.587349 0.190341 0.054217
237 0.865767 0.639157 0.203125 0.075904
237 0.864347 0.692169 0.200284 0.051807
237 0.671165 0.690964 0.197443 0.059036
237 0.675426 0.631325 0.203125 0.093976
275 0.416193 0.774096 0.196023 0.039759
275 0.412642 0.824096 0.205966 0.074699
275 0.412642 0.878313 0.205966 0.053012
275 0.414773 0.916867 0.204545 0.053012
275 0.178267 0.878313 0.217330 0.065060
275 0.181818 0.925904 0.227273 0.068675
275 0.185369 0.809639 0.214489 0.060241
275 0.192472 0.779518 0.223011 0.031325
275 0.647017 0.803614 0.208807 0.101205
275 0.647017 0.870482 0.208807 0.046988
275 0.647017 0.908434 0.205966 0.045783
275 0.847301 0.900602 0.205966 0.049398
275 0.848722 0.865060 0.208807 0.045783
275 0.850142 0.818675 0.217330 0.066265
275 0.836648 0.777711 0.193182 0.051807
