191 0.098545 0.183036 0.197090 0.175595
191 0.231151 0.199653 0.131614 0.148313
191 0.337632 0.204613 0.122354 0.140377
197 0.432209 0.229911 0.090608 0.093750
197 0.515542 0.232887 0.085317 0.090774
197 0.590608 0.236855 0.076720 0.090774
23 0.658069 0.239831 0.071429 0.092758
23 0.716601 0.243552 0.062831 0.090278
23 0.771164 0.248512 0.055556 0.084325
23 0.820767 0.252480 0.050265 0.079365
187 0.871032 0.254464 0.051587 0.077381
187 0.914683 0.259177 0.047619 0.071925
187 0.955688 0.262153 0.047619 0.070933
289 0.949735 0.405754 0.047619 0.063492
342 0.909061 0.406746 0.044312 0.068452
342 0.869048 0.409722 0.047619 0.070437
342 0.820767 0.412698 0.051587 0.072421
121 0.771164 0.412698 0.054233 0.081349
121 0.718585 0.417411 0.058862 0.087798
30 0.655754 0.421379 0.065476 0.093750
30 0.590608 0.426339 0.062169 0.096726
30 0.527116 0.430060 0.079365 0.101190
34 0.444114 0.432044 0.083995 0.116071
34 0.362765 0.441964 0.097222 0.120040
34 0.266204 0.449653 0.109127 0.130456
34 0.152116 0.454613 0.134921 0.142361
53 0.179233 0.733879 0.134921 0.117560
53 0.277116 0.716270 0.108466 0.110119
53 0.380622 0.693948 0.102513 0.110119
53 0.460648 0.672371 0.087963 0.109623
162 0.540675 0.650050 0.078704 0.089782
162 0.609127 0.635169 0.079365 0.093750
162 0.669643 0.620784 0.064153 0.084821
355 0.728175 0.602927 0.054233 0.077877
355 0.771164 0.597222 0.063492 0.077381
75 0.821098 0.583581 0.045635 0.064980
75 0.858135 0.576637 0.045635 0.060020
194 0.895172 0.566964 0.041667 0.065476
205 0.694114 0.720238 0.085317 0.125000
205 0.635582 0.738839 0.079365 0.140377
205 0.566799 0.764137 0.072751 0.134425
218 0.223214 0.877480 0.156746 0.179563
130 0.608135 0.540427 0.085317 0.096726
97 0.681217 0.531002 0.070106 0.096726
97 0.743717 0.525050 0.062831 0.089782
97 0.832672 0.506200 0.055556 0.081845
181 0.884259 0.493552 0.055556 0.070437
181 0.916667 0.488839 0.044974 0.071925
181 0.957672 0.482887 0.051587 0.071925
194 0.956019 0.564980 0.037698 0.061508
194 0.920635 0.564980 0.039683 0.063492
130 0.540675 0.548363 0.080026 0.109623
29 0.444114 0.564732 0.105159 0.096726
29 0.350529 0.583581 0.104497 0.109623
29 0.263228 0.587302 0.113757 0.116071
29 0.146164 0.611855 0.121693 0.124504
218 0.479167 0.787698 0.102513 0.123016
218 0.326720 0.846230 0.117725 0.156746
218 0.387566 0.825645 0.117725 0.153274
186 0.632275 0.340774 0.031746 0.027778
186 0.665675 0.340030 0.028439 0.025298
186 0.702050 0.338046 0.027116 0.024306
186 0.726190 0.337054 0.031746 0.022321
186 0.776455 0.337550 0.031746 0.017361
186 0.806878 0.337550 0.031746 0.020337
186 0.829034 0.337054 0.035053 0.021329
268 0.867063 0.337054 0.030423 0.021329
268 0.892857 0.336062 0.026455 0.024306
268 0.911706 0.334573 0.020503 0.021329
268 0.930556 0.336806 0.019841 0.018849
268 0.949405 0.335317 0.020503 0.018849
268 0.966601 0.335813 0.015212 0.018849
85 0.782077 0.687252 0.076058 0.049107
85 0.817460 0.670635 0.087302 0.038690
7 0.851190 0.648810 0.080688 0.038690
7 0.924272 0.633929 0.102513 0.036706
