68 0.244916 0.124835 0.045883 0.085648
68 0.285094 0.124835 0.043899 0.072421
68 0.258681 0.191138 0.045635 0.070106
68 0.293775 0.194114 0.036954 0.076058
188 0.451017 0.236276 0.036458 0.056548
280 0.482267 0.246032 0.029514 0.049603
280 0.489211 0.183532 0.045883 0.068783
280 0.522321 0.249835 0.033730 0.053241
239 0.542783 0.253803 0.024554 0.050595
333 0.630828 0.258598 0.035962 0.091931
5 0.653274 0.269345 0.026290 0.079034
13 0.668899 0.273313 0.027282 0.079696
13 0.690352 0.274306 0.030506 0.077050
38 0.661954 0.361276 0.025298 0.047950
38 0.643477 0.360284 0.025546 0.047950
3 0.605283 0.357308 0.036458 0.049272
3 0.570188 0.356316 0.033730 0.047950
0 0.490079 0.355159 0.034226 0.041667
66 0.441344 0.339616 0.045883 0.076058
244 0.194196 0.338790 0.069940 0.066468
244 0.120908 0.336806 0.100446 0.073082
307 0.342386 0.209821 0.031498 0.063161
307 0.367436 0.221065 0.019593 0.047288
188 0.392361 0.231647 0.026290 0.038690
316 0.271205 0.306382 0.093006 0.057870
316 0.279018 0.352183 0.094246 0.044974
243 0.352183 0.318122 0.074405 0.040344
243 0.368056 0.356647 0.086310 0.040013
143 0.520957 0.335979 0.034970 0.032407
143 0.529638 0.364914 0.036954 0.028770
12 0.275918 0.438988 0.057292 0.058532
12 0.327009 0.438327 0.056796 0.059193
12 0.284598 0.493386 0.063244 0.059524
12 0.333953 0.488426 0.044395 0.051587
52 0.134053 0.444610 0.086558 0.073743
52 0.140749 0.506118 0.086062 0.063161
52 0.211186 0.499504 0.068204 0.063161
207 0.373140 0.419808 0.027034 0.024140
207 0.379216 0.445767 0.039187 0.030423
207 0.381696 0.481481 0.042659 0.050265
207 0.412946 0.472884 0.027778 0.044312
207 0.408482 0.429729 0.034226 0.044643
233 0.437128 0.431052 0.024058 0.045304
233 0.442212 0.471230 0.029266 0.044312
233 0.460317 0.428902 0.022817 0.041667
233 0.467634 0.466104 0.016617 0.036706
233 0.485615 0.428075 0.029762 0.041336
233 0.486111 0.467593 0.028770 0.039683
250 0.519097 0.464782 0.026290 0.036045
250 0.519097 0.427249 0.022321 0.039683
250 0.540055 0.460483 0.023562 0.038029
250 0.556300 0.458333 0.011409 0.033069
82 0.569940 0.456680 0.018849 0.032407
82 0.587922 0.456019 0.018105 0.033069
82 0.602679 0.453208 0.014385 0.034722
296 0.555556 0.502646 0.023313 0.037698
296 0.554563 0.536376 0.020337 0.037037
349 0.575397 0.530258 0.023313 0.040675
349 0.581225 0.518849 0.032986 0.038360
152 0.498884 0.547619 0.032986 0.044974
152 0.479539 0.536872 0.028026 0.042659
152 0.456225 0.540675 0.024554 0.035714
109 0.507440 0.506614 0.030258 0.027116
39 0.156622 0.635913 0.058780 0.105159
39 0.198041 0.624008 0.052827 0.099868
39 0.230035 0.611111 0.047371 0.099868
132 0.257564 0.700231 0.064732 0.063823
132 0.261781 0.736772 0.061260 0.062169
208 0.229663 0.753142 0.008929 0.041336
132 0.188864 0.729497 0.071677 0.061508
132 0.196057 0.761574 0.072669 0.059524
246 0.320809 0.687665 0.050843 0.062500
246 0.366691 0.662864 0.038442 0.048611
271 0.409350 0.625827 0.025050 0.022156
271 0.440476 0.618882 0.035714 0.038029
271 0.442956 0.657573 0.039187 0.061177
86 0.486111 0.633433 0.025794 0.043320
86 0.475942 0.612103 0.026290 0.039021
86 0.504464 0.595899 0.030258 0.033730
86 0.511905 0.624504 0.030258 0.046627
208 0.555184 0.624835 0.026042 0.043320
208 0.578497 0.618386 0.022073 0.041005
235 0.558160 0.710979 0.035962 0.067460
235 0.584573 0.703704 0.034722 0.058201
96 0.512649 0.756614 0.021825 0.058201
96 0.522693 0.719907 0.026538 0.039021
338 0.440600 0.736442 0.079613 0.072090
338 0.443948 0.788360 0.085813 0.101190
329 0.330233 0.830688 0.057292 0.115079
329 0.380828 0.819114 0.050347 0.111111
62 0.265501 0.883102 0.068700 0.123347
62 0.201141 0.926257 0.078373 0.133598
