284 0.280134 0.244874 0.050843 0.063823
284 0.328993 0.245866 0.045883 0.064484
157 0.377852 0.247851 0.050843 0.066468
280 0.422743 0.247851 0.032490 0.066468
280 0.457837 0.251819 0.036706 0.066468
307 0.493056 0.255787 0.031250 0.056548
307 0.520337 0.255622 0.034722 0.062169
188 0.554563 0.255622 0.032738 0.062169
239 0.584945 0.255622 0.030506 0.064153
239 0.615079 0.253803 0.030258 0.064484
239 0.585813 0.191138 0.030754 0.066138
188 0.554563 0.179563 0.034226 0.082011
188 0.496900 0.208829 0.045883 0.045966
270 0.672743 0.229332 0.062252 0.116071
11 0.736235 0.220569 0.077629 0.136243
130 0.801711 0.412037 0.076637 0.121693
130 0.876860 0.412037 0.083581 0.118386
271 0.934524 0.425595 0.060516 0.108466
149 0.979291 0.426587 0.038442 0.111111
52 0.736235 0.360284 0.036458 0.045304
52 0.690352 0.356316 0.056300 0.053241
244 0.630704 0.353340 0.049603 0.056548
244 0.562376 0.352348 0.050843 0.056548
217 0.369916 0.344577 0.045883 0.062169
217 0.324033 0.343585 0.045883 0.059524
265 0.279142 0.341601 0.045883 0.061508
265 0.231275 0.338624 0.042907 0.062169
264 0.185392 0.337798 0.045883 0.064484
73 0.184028 0.246858 0.042659 0.057870
204 0.226811 0.242063 0.047371 0.070106
73 0.196429 0.188823 0.053075 0.061508
53 0.796131 0.579530 0.068452 0.104167
53 0.860243 0.581184 0.072669 0.106151
194 0.912078 0.587632 0.049355 0.095238
194 0.963294 0.590774 0.073413 0.095569
97 0.777902 0.726521 0.072173 0.121693
97 0.840030 0.727017 0.075893 0.123347
181 0.906126 0.729167 0.080605 0.127646
181 0.961062 0.729497 0.075893 0.127646
218 0.772569 0.910880 0.074901 0.153108
218 0.837178 0.914352 0.083581 0.159392
34 0.903150 0.935681 0.078621 0.117394
333 0.955357 0.914187 0.086310 0.159722
8 0.698289 0.921462 0.064236 0.089616
8 0.641493 0.920635 0.061756 0.088624
96 0.536458 0.885582 0.047619 0.052249
96 0.534970 0.946429 0.044643 0.060847
208 0.582465 0.940476 0.047371 0.063492
208 0.582093 0.879134 0.035714 0.059854
243 0.469122 0.919147 0.086558 0.061839
243 0.468130 0.870701 0.083085 0.048942
246 0.345362 0.853175 0.052331 0.042328
246 0.394097 0.876653 0.062004 0.052910
246 0.335938 0.894841 0.054812 0.030423
246 0.397569 0.940146 0.059028 0.067460
246 0.339286 0.937665 0.061012 0.068452
329 0.231027 0.760747 0.062252 0.094246
329 0.289807 0.766700 0.058780 0.088955
132 0.401910 0.775959 0.048859 0.049934
132 0.354787 0.770337 0.052331 0.057209
86 0.456721 0.790675 0.058284 0.059524
86 0.513269 0.793155 0.056796 0.055886
86 0.567956 0.794478 0.054563 0.053241
333 0.713294 0.797123 0.049107 0.067130
271 0.668899 0.803571 0.053571 0.064153
271 0.623140 0.805225 0.047867 0.056878
109 0.659846 0.753803 0.041915 0.040013
82 0.567832 0.685516 0.034474 0.051587
82 0.525918 0.688657 0.030010 0.044643
82 0.525670 0.643188 0.029514 0.056878
233 0.608011 0.685681 0.032986 0.055886
233 0.639013 0.687004 0.032986 0.053902
250 0.715402 0.688657 0.038938 0.061839
250 0.677827 0.686673 0.043651 0.062500
158 0.673115 0.636243 0.034226 0.044312
250 0.709077 0.637566 0.036706 0.045635
296 0.358383 0.667824 0.038194 0.053902
296 0.398313 0.670800 0.041667 0.056548
349 0.440972 0.670966 0.041667 0.056878
349 0.484747 0.683532 0.046379 0.058201
109 0.274802 0.665675 0.053075 0.056878
109 0.317832 0.659061 0.034970 0.047619
62 0.207465 0.653935 0.066220 0.084325
345 0.196181 0.550926 0.030258 0.039021
92 0.228175 0.550099 0.037202 0.044643
131 0.281374 0.558532 0.052827 0.055556
131 0.318948 0.561839 0.027282 0.050926
345 0.452753 0.565146 0.027530 0.051587
21 0.484995 0.550595 0.033482 0.085317
21 0.515377 0.550265 0.032738 0.085979
21 0.537202 0.546462 0.024802 0.080357
207 0.726066 0.524140 0.060268 0.061508
207 0.723090 0.580688 0.055804 0.054894
207 0.675223 0.571759 0.051339 0.054894
207 0.671379 0.516700 0.046131 0.057870
12 0.628224 0.518353 0.042659 0.057209
12 0.628224 0.571263 0.044643 0.052579
12 0.585069 0.521329 0.041171 0.059193
12 0.582093 0.572586 0.044643 0.047288
29 0.964410 0.235450 0.070685 0.146825
