151 0.028105 0.108701 0.056209 0.113480
151 0.097386 0.110784 0.073203 0.102941
219 0.165850 0.104902 0.087908 0.116667
219 0.320261 0.112745 0.096732 0.095098
54 0.424673 0.105760 0.107516 0.109069
54 0.532026 0.104779 0.103922 0.109069
225 0.625817 0.117525 0.086275 0.073284
225 0.709804 0.112623 0.098693 0.084559
1 0.789869 0.123407 0.077124 0.057108
1 0.849510 0.122426 0.070261 0.059559
174 0.914379 0.243627 0.104575 0.054412
200 0.788889 0.258211 0.112418 0.059559
200 0.673693 0.255270 0.112092 0.066912
225 0.588725 0.247917 0.074837 0.087500
225 0.522712 0.247549 0.063072 0.091176
347 0.474346 0.255147 0.064379 0.082843
247 0.408170 0.253309 0.081699 0.088971
247 0.335784 0.255270 0.080719 0.084559
353 0.245098 0.255270 0.081699 0.084559
304 0.151307 0.253309 0.084967 0.120343
304 0.089706 0.260049 0.072222 0.111275
304 0.032026 0.260049 0.063399 0.112745
144 0.021242 0.416299 0.042484 0.112010
144 0.092647 0.418382 0.087908 0.106863
144 0.166830 0.418382 0.064379 0.102941
192 0.239052 0.365686 0.087255 0.082843
192 0.319281 0.367525 0.087582 0.079167
71 0.404085 0.371446 0.091176 0.064951
314 0.489052 0.370466 0.083333 0.062500
314 0.575980 0.371446 0.091830 0.064951
64 0.673693 0.362745 0.108824 0.083333
64 0.775163 0.358824 0.104575 0.083333
46 0.958170 0.439828 0.083660 0.045343
46 0.958170 0.479902 0.083660 0.038725
46 0.875817 0.477941 0.115033 0.040196
46 0.876797 0.444730 0.107190 0.043873
137 0.788889 0.467157 0.068627 0.063235
137 0.735131 0.467157 0.065686 0.063235
137 0.670752 0.467157 0.068954 0.063235
142 0.601471 0.465319 0.073529 0.071324
142 0.532026 0.463235 0.073856 0.073529
324 0.457843 0.462255 0.073856 0.073529
324 0.385621 0.464338 0.073856 0.071324
222 0.312255 0.464216 0.080065 0.069608
222 0.238072 0.465196 0.076144 0.069608
40 0.165850 0.571691 0.083333 0.109069
127 0.105229 0.574632 0.087582 0.102696
127 0.030065 0.577574 0.059477 0.105637
40 0.242974 0.575613 0.072222 0.100735
106 0.299673 0.584314 0.057516 0.084314
106 0.348529 0.584314 0.055882 0.083333
325 0.395425 0.584314 0.056863 0.082353
325 0.441176 0.584314 0.055556 0.084314
325 0.486111 0.584314 0.053268 0.084314
178 0.541830 0.579534 0.060784 0.091912
178 0.598529 0.579534 0.063725 0.091912
320 0.678431 0.599265 0.095425 0.056863
320 0.761601 0.591176 0.096405 0.073529
27 0.869935 0.548162 0.113725 0.040441
27 0.869935 0.598039 0.108497 0.059314
355 0.954902 0.603799 0.086928 0.049755
355 0.954902 0.569730 0.086928 0.045343
32 0.975000 0.706495 0.050000 0.072794
56 0.910948 0.703431 0.084641 0.086765
259 0.838725 0.703431 0.072222 0.082843
259 0.770261 0.703431 0.077124 0.083333
355 0.684314 0.703554 0.068627 0.079167
355 0.617157 0.703431 0.072222 0.083333
65 0.498856 0.698529 0.062418 0.083333
65 0.442320 0.698652 0.065686 0.085049
111 0.378758 0.703431 0.061438 0.075980
111 0.320098 0.706495 0.061765 0.079167
111 0.267320 0.705515 0.057516 0.079167
100 0.129739 0.800123 0.074510 0.098284
304 0.180556 0.802206 0.056536 0.095098
25 0.283007 0.806005 0.081699 0.062990
25 0.378758 0.803064 0.095425 0.073775
339 0.532026 0.803064 0.073856 0.071814
339 0.632680 0.806127 0.081699 0.064706
339 0.715686 0.803064 0.073856 0.066912
298 0.801634 0.802083 0.061438 0.073284
298 0.857353 0.802083 0.065686 0.078676
298 0.927614 0.801103 0.070261 0.079167
298 0.980392 0.803064 0.039216 0.073775
63 0.850327 0.919363 0.081699 0.102941
63 0.780229 0.923284 0.072222 0.095098
63 0.724510 0.923162 0.061438 0.086029
171 0.662908 0.931005 0.072222 0.102696
171 0.599346 0.918260 0.067320 0.091912
171 0.535131 0.923162 0.072222 0.109069
171 0.469444 0.913480 0.072222 0.103431
171 0.408007 0.913358 0.072222 0.088971
171 0.348529 0.910539 0.072222 0.083333
171 0.292810 0.918260 0.081699 0.080637
40 0.989052 0.927083 0.021895 0.091912
100 0.166503 0.930270 0.072876 0.078676
100 0.089542 0.926838 0.096732 0.074755
100 0.023039 0.926348 0.044118 0.078676
40 0.921895 0.922181 0.078431 0.082598
309 0.908987 0.316789 0.113399 0.044853
309 0.907843 0.358088 0.113072 0.037255
100 0.052941 0.818382 0.076471 0.086765
