29 0.546131 0.186839 0.081845 0.173942
29 0.607639 0.205357 0.075893 0.164683
29 0.657366 0.219081 0.065228 0.157738
130 0.704365 0.231647 0.061012 0.151124
130 0.746404 0.245536 0.058284 0.143188
336 0.782490 0.272817 0.049107 0.099868
75 0.836186 0.285384 0.055804 0.099868
194 0.863591 0.293320 0.044643 0.099868
194 0.886905 0.296131 0.041667 0.099537
78 0.907366 0.308862 0.036954 0.084656
47 0.897693 0.425926 0.052331 0.085317
117 0.850818 0.425926 0.045387 0.085317
78 0.831225 0.425099 0.043899 0.085648
305 0.799107 0.420304 0.046627 0.091270
240 0.767733 0.417328 0.051339 0.096561
50 0.731771 0.407573 0.051339 0.108796
50 0.696553 0.404431 0.051339 0.114418
330 0.651538 0.407407 0.061012 0.111111
330 0.608631 0.401786 0.056052 0.116402
53 0.574529 0.401786 0.049851 0.116402
164 0.541295 0.591104 0.069692 0.145833
164 0.593006 0.584325 0.061012 0.139550
164 0.630084 0.581349 0.043899 0.134259
223 0.655506 0.581349 0.050595 0.119048
223 0.686756 0.575397 0.048115 0.111772
261 0.718006 0.584325 0.043651 0.091270
261 0.753100 0.581349 0.051339 0.087302
214 0.818576 0.733631 0.056300 0.108135
191 0.668155 0.771825 0.061012 0.139550
97 0.618304 0.784392 0.072917 0.152778
97 0.559772 0.801091 0.077877 0.164352
97 0.495288 0.813657 0.074901 0.171627
214 0.858507 0.726025 0.046875 0.094246
23 0.624256 0.952712 0.090278 0.094577
181 0.721974 0.750165 0.066964 0.145833
181 0.758061 0.744544 0.053819 0.121362
14 0.268353 0.102348 0.022321 0.197421
30 0.314856 0.112103 0.112351 0.218254
30 0.405878 0.133929 0.091518 0.206349
29 0.481399 0.164187 0.084325 0.186839
34 0.439980 0.360119 0.087302 0.189153
34 0.362103 0.349702 0.093254 0.202712
34 0.267237 0.338790 0.118800 0.217262
187 0.262649 0.621032 0.109623 0.197751
187 0.353423 0.612765 0.099206 0.181217
145 0.480531 0.599041 0.079117 0.150463
53 0.513145 0.383433 0.079861 0.142526
260 0.790427 0.537698 0.047123 0.083995
315 0.816964 0.536541 0.028274 0.077050
315 0.841022 0.536872 0.042659 0.071098
61 0.867188 0.531581 0.044395 0.074405
201 0.887649 0.531415 0.024802 0.071429
268 0.857019 0.612765 0.024554 0.042989
186 0.867063 0.611111 0.024306 0.041005
186 0.880952 0.607804 0.026786 0.038360
268 0.895337 0.604993 0.024306 0.039352
268 0.894221 0.634425 0.021577 0.033399
268 0.881076 0.635086 0.026042 0.038690
268 0.868056 0.637401 0.023313 0.038690
268 0.854663 0.640708 0.022817 0.035384
342 0.260293 0.900794 0.113839 0.198413
342 0.354911 0.880787 0.090278 0.196098
342 0.426215 0.854497 0.085565 0.179894
194 0.312128 0.896660 0.007688 0.166336
205 0.704861 0.914187 0.075397 0.171627
35 0.762029 0.928075 0.046875 0.133929
35 0.795883 0.907903 0.035218 0.125331
85 0.874752 0.853009 0.045635 0.105489
85 0.892609 0.844411 0.031250 0.102183
