206 0.112750 0.083333 0.084500 0.101333
206 0.161250 0.081333 0.070500 0.097333
142 0.222000 0.081333 0.070000 0.085333
222 0.319500 0.081333 0.053000 0.076000
222 0.367500 0.072667 0.064000 0.094667
325 0.415500 0.066667 0.050000 0.106667
325 0.457500 0.063667 0.050000 0.104667
182 0.500250 0.062000 0.049500 0.109333
182 0.544250 0.058000 0.054500 0.116000
146 0.588250 0.058333 0.047500 0.103333
325 0.622500 0.055000 0.042000 0.104667
111 0.662500 0.057000 0.052000 0.096667
111 0.706500 0.053333 0.052000 0.097333
106 0.744500 0.052000 0.048000 0.097333
137 0.779500 0.057000 0.045000 0.082000
137 0.812750 0.056333 0.043500 0.078000
89 0.879250 0.227000 0.070500 0.068667
89 0.828500 0.232667 0.053000 0.066667
46 0.750250 0.199333 0.094500 0.058667
81 0.753250 0.244667 0.097500 0.058667
355 0.685000 0.246667 0.085000 0.057333
355 0.634000 0.235667 0.053000 0.082000
352 0.593000 0.233667 0.050000 0.090000
334 0.551000 0.235000 0.053000 0.090000
177 0.507000 0.236667 0.050000 0.086667
340 0.320750 0.227000 0.071500 0.131333
340 0.257250 0.225000 0.075500 0.142000
341 0.192750 0.228000 0.081500 0.142667
341 0.134250 0.233667 0.075500 0.142000
171 0.241500 0.387000 0.064000 0.132667
171 0.294250 0.389333 0.055500 0.120000
141 0.339250 0.381333 0.058500 0.128000
141 0.387000 0.384333 0.056000 0.118000
63 0.432000 0.384333 0.056000 0.118000
63 0.479750 0.377667 0.055500 0.120667
174 0.538250 0.360667 0.069500 0.054667
174 0.538250 0.407667 0.075500 0.056667
174 0.607750 0.402667 0.073500 0.064000
173 0.652750 0.357000 0.066500 0.054000
173 0.688000 0.400667 0.080000 0.058667
309 0.760000 0.397000 0.085000 0.056667
309 0.760000 0.356000 0.077000 0.058667
297 0.843000 0.350000 0.091000 0.058667
297 0.843000 0.391333 0.085000 0.058667
122 0.773750 0.503333 0.068500 0.057333
122 0.777750 0.541667 0.076500 0.050000
37 0.721000 0.523000 0.046000 0.074000
37 0.687000 0.523000 0.050000 0.075333
32 0.567500 0.530667 0.055000 0.089333
32 0.523750 0.530667 0.052500 0.089333
198 0.467000 0.539667 0.068000 0.087333
272 0.410500 0.528667 0.057000 0.118667
272 0.356750 0.525000 0.060500 0.126000
219 0.309000 0.529000 0.064000 0.126000
219 0.262250 0.532667 0.060500 0.126667
151 0.183000 0.537333 0.064000 0.126667
151 0.226000 0.539333 0.051000 0.112000
100 0.345000 0.652667 0.053000 0.089333
100 0.390000 0.650000 0.056000 0.097333
100 0.435750 0.657667 0.063500 0.118000
169 0.503250 0.679333 0.065500 0.104000
266 0.549250 0.666667 0.050500 0.104000
266 0.590250 0.666333 0.050500 0.090000
266 0.630250 0.657667 0.049500 0.100667
266 0.675250 0.654000 0.055500 0.109333
56 0.730750 0.653667 0.063500 0.110000
56 0.765750 0.651000 0.042500 0.098000
56 0.812750 0.659667 0.052500 0.082000
56 0.859750 0.661333 0.056500 0.082667
298 0.903750 0.774667 0.057500 0.106667
298 0.851750 0.774667 0.063500 0.109333
298 0.805000 0.773667 0.050000 0.104667
298 0.767000 0.778000 0.058000 0.109333
282 0.721000 0.783667 0.075000 0.102000
282 0.658500 0.773667 0.076000 0.104667
282 0.608750 0.789333 0.075500 0.098667
58 0.465500 0.782667 0.038000 0.114667
100 0.426250 0.786667 0.050500 0.118667
100 0.385000 0.791333 0.051000 0.112000
100 0.345000 0.793667 0.053000 0.114000
171 0.295000 0.793000 0.053000 0.120667
171 0.220000 0.797333 0.051000 0.112000
171 0.180000 0.797333 0.050000 0.109333
40 0.186000 0.926333 0.053000 0.147333
40 0.340250 0.932000 0.041500 0.136000
40 0.378250 0.938000 0.060500 0.124000
40 0.414500 0.916333 0.045000 0.107333
40 0.449500 0.922333 0.063000 0.126000
40 0.227750 0.929333 0.056500 0.141333
40 0.266000 0.929333 0.053000 0.141333
40 0.301000 0.931000 0.052000 0.138000
100 0.259500 0.667333 0.057000 0.104000
100 0.181750 0.664333 0.071500 0.100667
238 0.848250 0.502000 0.076500 0.054667
238 0.849500 0.541667 0.063000 0.040667
304 0.163750 0.387667 0.057500 0.127333
304 0.202500 0.387667 0.036000 0.122000
189 0.632000 0.503667 0.068000 0.052667
189 0.631750 0.547000 0.067500 0.047333
