121 0.372902 0.620924 0.110312 0.174819
121 0.277278 0.620924 0.116906 0.174819
75 0.044365 0.469656 0.062350 0.165761
75 0.099221 0.461957 0.059353 0.155797
194 0.195144 0.448370 0.079736 0.161232
23 0.293465 0.440670 0.116906 0.169384
23 0.380096 0.440670 0.101918 0.165761
97 0.387290 0.259964 0.101918 0.166667
201 0.328837 0.103261 0.077338 0.112319
108 0.035971 0.079257 0.071942 0.145833
50 0.081235 0.079710 0.066547 0.146739
50 0.121403 0.081069 0.041367 0.144022
50 0.164269 0.081522 0.077938 0.141304
201 0.212530 0.099185 0.048561 0.109601
53 0.057854 0.282609 0.083333 0.161232
53 0.124700 0.279891 0.079137 0.155797
53 0.183753 0.275815 0.066547 0.154891
130 0.249700 0.262681 0.091727 0.181159
130 0.306055 0.261775 0.060552 0.173913
97 0.470024 0.263587 0.091127 0.150362
181 0.537470 0.262228 0.076139 0.147645
97 0.592026 0.261322 0.070144 0.145833
97 0.642986 0.260870 0.064149 0.143116
164 0.691847 0.260870 0.058753 0.135870
164 0.734113 0.259964 0.055755 0.135870
145 0.772182 0.260417 0.058753 0.133152
145 0.812050 0.259964 0.062950 0.132246
14 0.846223 0.256341 0.041367 0.135870
14 0.875300 0.256341 0.047962 0.130435
148 0.911571 0.258605 0.047362 0.120471
148 0.938849 0.259058 0.041966 0.117754
148 0.957734 0.257699 0.029376 0.116848
330 0.883094 0.107337 0.046763 0.098732
22 0.857614 0.107337 0.048561 0.098732
22 0.838129 0.106884 0.046763 0.099638
261 0.806055 0.107337 0.048561 0.102355
261 0.775779 0.110054 0.044365 0.093297
261 0.749101 0.108696 0.043765 0.094203
315 0.719724 0.107337 0.043765 0.095109
315 0.685552 0.106884 0.046163 0.096014
315 0.652578 0.105525 0.044964 0.098732
61 0.627098 0.105525 0.044365 0.098732
61 0.593225 0.105072 0.043765 0.099638
61 0.559053 0.105072 0.043765 0.097826
61 0.533273 0.104167 0.043765 0.097826
261 0.508693 0.100996 0.036571 0.102355
260 0.484712 0.101902 0.044964 0.100543
330 0.445144 0.099185 0.036571 0.100543
260 0.374400 0.101902 0.046163 0.100543
260 0.409772 0.101449 0.048561 0.101449
342 0.605516 0.580616 0.076739 0.161232
35 0.800060 0.562047 0.059353 0.140399
35 0.866607 0.551630 0.071343 0.137681
15 0.914568 0.548460 0.078537 0.136775
15 0.945743 0.541667 0.077338 0.123188
197 0.459832 0.423460 0.059952 0.133152
197 0.512290 0.423007 0.062950 0.132246
197 0.561151 0.423913 0.067146 0.126812
305 0.619904 0.426178 0.068345 0.125906
240 0.680156 0.427083 0.066547 0.116848
240 0.710132 0.420743 0.041367 0.120471
117 0.747002 0.422101 0.059952 0.115942
305 0.779676 0.417572 0.059353 0.112319
117 0.811451 0.415308 0.064149 0.111413
305 0.878597 0.408967 0.060552 0.107790
117 0.919664 0.408062 0.044365 0.102355
187 0.728118 0.570652 0.120504 0.148551
342 0.456535 0.597826 0.064149 0.166667
342 0.508393 0.590127 0.065947 0.165761
342 0.538669 0.571558 0.060552 0.139493
34 0.694544 0.745924 0.073741 0.174819
34 0.636691 0.741395 0.050360 0.162138
34 0.607614 0.763134 0.056954 0.183877
34 0.560252 0.771739 0.056954 0.186594
85 0.876799 0.671649 0.090528 0.057065
85 0.949940 0.667572 0.097722 0.054348
7 0.768885 0.722373 0.086930 0.078804
7 0.810252 0.697464 0.119305 0.070652
29 0.035971 0.870924 0.069544 0.196558
29 0.104616 0.858243 0.072542 0.192935
29 0.166067 0.843750 0.076739 0.192935
145 0.218525 0.817029 0.064149 0.173913
162 0.290468 0.816576 0.083333 0.194746
162 0.350719 0.806159 0.051559 0.144928
355 0.431355 0.792572 0.072542 0.179348
355 0.496103 0.785779 0.061751 0.171196
342 0.526679 0.779891 0.008993 0.159420
191 0.047962 0.654438 0.085132 0.160326
191 0.120204 0.646286 0.072542 0.153080
191 0.185552 0.638134 0.067746 0.145833
