30 0.052579 0.115976 0.105158 0.187771
30 0.149427 0.117357 0.099427 0.186588
29 0.237393 0.126430 0.100573 0.172387
29 0.327650 0.131164 0.093696 0.160552
29 0.420201 0.131164 0.093696 0.166075
29 0.499284 0.131164 0.087966 0.160552
130 0.578080 0.131164 0.090831 0.166075
130 0.654871 0.132347 0.086819 0.166075
75 0.729370 0.151085 0.073639 0.128600
75 0.786819 0.153452 0.069914 0.127811
75 0.842120 0.154635 0.071633 0.125444
194 0.907593 0.155819 0.071347 0.120710
194 0.962894 0.157002 0.071347 0.122288
315 0.924499 0.352663 0.094269 0.090730
78 0.846705 0.345562 0.064756 0.101775
78 0.802722 0.346746 0.059885 0.102564
117 0.753152 0.346746 0.054155 0.102564
117 0.702292 0.346746 0.055014 0.102564
117 0.652579 0.346746 0.054155 0.105720
305 0.603009 0.349112 0.054155 0.105720
305 0.548854 0.349112 0.059885 0.105720
47 0.493553 0.349112 0.057593 0.105720
240 0.437106 0.347929 0.057593 0.105720
50 0.380659 0.340828 0.069054 0.125444
50 0.307450 0.340828 0.074499 0.125444
330 0.237536 0.346746 0.083668 0.128600
330 0.166332 0.349112 0.083381 0.128600
53 0.079513 0.344379 0.101146 0.147535
34 0.069341 0.446746 0.062464 0.031164
263 0.098567 0.443393 0.066476 0.028402
156 0.023782 0.448126 0.047564 0.028402
34 0.032951 0.535503 0.065903 0.164497
34 0.096418 0.530769 0.093123 0.164497
34 0.175501 0.529586 0.093696 0.160552
187 0.254298 0.536686 0.085100 0.140828
187 0.327794 0.533136 0.083668 0.135306
223 0.401146 0.530966 0.074499 0.125444
223 0.461891 0.528402 0.069914 0.116371
223 0.509312 0.528402 0.054155 0.116371
164 0.561175 0.514398 0.069054 0.135700
164 0.615330 0.511045 0.065616 0.138462
260 0.683095 0.465680 0.057307 0.085602
260 0.725931 0.464300 0.047278 0.097041
61 0.766476 0.460750 0.049857 0.088363
61 0.807307 0.458580 0.046705 0.083235
201 0.845559 0.456410 0.046991 0.080473
201 0.886103 0.452860 0.049570 0.080473
261 0.929083 0.452860 0.040974 0.074162
15 0.762178 0.566864 0.060172 0.105720
108 0.721490 0.570414 0.055014 0.105720
108 0.674069 0.572781 0.057593 0.105720
181 0.606447 0.687968 0.071347 0.135700
97 0.342407 0.706706 0.073352 0.153452
97 0.273496 0.706706 0.084527 0.172387
342 0.198997 0.719527 0.091404 0.158580
342 0.125788 0.724063 0.083668 0.164497
342 0.052436 0.731164 0.093410 0.160552
218 0.131375 0.913609 0.101146 0.172781
218 0.198997 0.903550 0.087393 0.164497
23 0.269054 0.903550 0.083668 0.169231
23 0.332235 0.890730 0.073639 0.161736
205 0.393266 0.877909 0.049570 0.170020
205 0.446275 0.877909 0.073639 0.174753
205 0.519484 0.873176 0.076791 0.182643
181 0.536963 0.691321 0.074499 0.145562
181 0.475645 0.689152 0.074499 0.151479
97 0.413467 0.706706 0.074499 0.150296
218 0.044126 0.918935 0.088252 0.162130
35 0.579226 0.858185 0.065616 0.144773
35 0.627794 0.854635 0.066476 0.152663
7 0.692264 0.821893 0.066476 0.132939
7 0.739542 0.822091 0.066476 0.126233
214 0.770344 0.698028 0.051289 0.091913
214 0.727794 0.700986 0.060172 0.092308
186 0.870487 0.674951 0.040688 0.054438
186 0.867765 0.708284 0.035817 0.043787
186 0.841691 0.678698 0.040974 0.052465
186 0.835530 0.709073 0.040115 0.049310
15 0.833095 0.568442 0.070201 0.111243
268 0.865759 0.591519 0.036963 0.048521
268 0.885673 0.589546 0.042980 0.050888
