73 0.059333 0.279125 0.070667 0.039250
73 0.126833 0.279250 0.070333 0.038000
73 0.183333 0.276250 0.070667 0.042500
284 0.248000 0.273250 0.070667 0.045000
284 0.309333 0.272375 0.070667 0.042750
284 0.377667 0.269375 0.070667 0.044750
284 0.377833 0.220625 0.073667 0.049250
284 0.309333 0.218625 0.070667 0.047750
284 0.243000 0.223500 0.066667 0.048500
204 0.256667 0.348000 0.077333 0.042500
204 0.186333 0.350500 0.066667 0.045000
204 0.066167 0.352375 0.061667 0.045750
204 0.126833 0.354375 0.072333 0.042750
204 0.324000 0.347000 0.070667 0.042500
265 0.399167 0.344625 0.073667 0.044750
265 0.468667 0.344625 0.066667 0.046750
284 0.406167 0.268500 0.051667 0.045000
280 0.487167 0.266500 0.051667 0.041000
217 0.541833 0.333125 0.066333 0.056750
217 0.618000 0.332000 0.079333 0.056500
157 0.690333 0.333875 0.071333 0.047750
157 0.761500 0.330875 0.071000 0.049250
52 0.842667 0.332875 0.086000 0.033250
52 0.912833 0.332875 0.071667 0.037250
92 0.071833 0.538000 0.049000 0.035500
92 0.122167 0.538000 0.050333 0.036000
131 0.169000 0.537000 0.045333 0.036000
131 0.208333 0.535750 0.043333 0.036500
212 0.250833 0.535625 0.048333 0.034750
212 0.291167 0.535625 0.058333 0.033250
212 0.343667 0.537000 0.051333 0.027500
212 0.391000 0.536000 0.049333 0.030500
345 0.434667 0.535375 0.052667 0.030250
345 0.487167 0.531500 0.051000 0.036000
38 0.641833 0.504750 0.054333 0.066500
38 0.688167 0.502125 0.053667 0.072250
21 0.755667 0.499875 0.058000 0.076750
21 0.813833 0.503125 0.060333 0.069750
21 0.861667 0.502125 0.055333 0.071750
349 0.445833 0.586500 0.065667 0.042500
349 0.444833 0.629500 0.069000 0.046500
349 0.375833 0.591125 0.076333 0.050750
349 0.376333 0.633750 0.069333 0.038000
296 0.308333 0.635000 0.074000 0.038500
296 0.303333 0.592750 0.074000 0.049000
296 0.244167 0.592250 0.055000 0.046000
296 0.244167 0.632500 0.063667 0.046000
109 0.175833 0.589875 0.085000 0.047750
109 0.176833 0.634500 0.084333 0.051000
109 0.098500 0.635750 0.078333 0.050500
109 0.112333 0.589875 0.048667 0.042250
82 0.507667 0.627500 0.050000 0.047500
250 0.564500 0.627500 0.052333 0.045500
250 0.572500 0.586625 0.066333 0.050250
235 0.765167 0.607875 0.105000 0.085250
233 0.661500 0.625250 0.053667 0.045500
96 0.907833 0.619125 0.095667 0.048750
96 0.837833 0.616750 0.042333 0.042500
207 0.537833 0.724000 0.061667 0.050500
207 0.609167 0.728125 0.067000 0.041750
207 0.680000 0.728125 0.070667 0.041750
207 0.751667 0.722125 0.070667 0.054250
207 0.677500 0.685000 0.067667 0.048000
101 0.602667 0.685625 0.066667 0.047250
109 0.737333 0.677625 0.044000 0.037250
208 0.822500 0.725875 0.068333 0.040250
33 0.894333 0.821000 0.114667 0.090500
33 0.796333 0.803250 0.086667 0.080000
243 0.590833 0.841000 0.133000 0.037500
243 0.590667 0.802750 0.132000 0.044000
338 0.298167 0.795500 0.129000 0.048500
271 0.435000 0.840875 0.066667 0.049750
246 0.212667 0.692375 0.100000 0.048250
86 0.294500 0.729375 0.076333 0.052250
132 0.378500 0.729875 0.097000 0.054750
132 0.386333 0.688625 0.096667 0.040750
271 0.463167 0.728000 0.074333 0.056500
