121 0.053875 0.192833 0.065250 0.117667
121 0.107625 0.193833 0.057250 0.117667
187 0.163250 0.203667 0.063000 0.106667
187 0.215875 0.207500 0.058250 0.103000
187 0.273500 0.209500 0.066000 0.108333
162 0.336000 0.209500 0.063000 0.105667
162 0.392750 0.211333 0.066000 0.106667
50 0.452375 0.218333 0.054250 0.098667
50 0.501125 0.222167 0.056250 0.095667
50 0.555875 0.222167 0.054250 0.095667
50 0.605625 0.222167 0.060250 0.103000
355 0.652500 0.232000 0.048500 0.084000
355 0.703250 0.227000 0.063000 0.103333
214 0.752125 0.234000 0.056250 0.086667
214 0.798000 0.236833 0.056000 0.088333
108 0.947375 0.238833 0.060250 0.092333
108 0.980625 0.241833 0.038250 0.091667
315 0.979375 0.357000 0.041250 0.081333
315 0.936625 0.357000 0.054250 0.081333
315 0.891750 0.352000 0.052000 0.076000
201 0.850750 0.351000 0.052000 0.074000
201 0.808750 0.348167 0.048500 0.073667
201 0.768625 0.348167 0.048250 0.072333
61 0.723750 0.346167 0.048500 0.069000
61 0.681875 0.344333 0.048250 0.070000
61 0.641750 0.340333 0.045500 0.071333
61 0.602625 0.341333 0.045250 0.070000
308 0.557750 0.334500 0.048500 0.075667
308 0.508000 0.330667 0.056000 0.075333
223 0.255125 0.315000 0.054250 0.081333
330 0.200250 0.311167 0.056000 0.083667
330 0.161250 0.309000 0.040500 0.078000
330 0.121250 0.311000 0.048500 0.074000
330 0.080250 0.307167 0.052000 0.075667
117 0.146625 0.420500 0.048250 0.072333
117 0.179750 0.421333 0.043000 0.070000
93 0.219875 0.424333 0.043250 0.070000
93 0.255000 0.424333 0.042000 0.068667
117 0.295000 0.428333 0.043000 0.072000
117 0.332250 0.431333 0.043000 0.074000
240 0.374250 0.436000 0.042000 0.072000
240 0.410375 0.438000 0.044750 0.075333
277 0.465000 0.438000 0.063000 0.084000
277 0.519625 0.441833 0.054250 0.081000
277 0.572500 0.444833 0.059000 0.086333
61 0.608500 0.447833 0.022000 0.086333
75 0.646625 0.449667 0.055250 0.086667
75 0.698375 0.452667 0.053250 0.088000
194 0.758000 0.457500 0.059000 0.086333
194 0.810625 0.461333 0.051250 0.090000
194 0.853625 0.464333 0.055250 0.090000
355 0.910375 0.468333 0.060250 0.088000
355 0.957125 0.472333 0.060250 0.085333
197 0.964375 0.594333 0.070250 0.095333
23 0.895625 0.584500 0.070750 0.104333
23 0.833125 0.579667 0.070750 0.104667
23 0.772625 0.574667 0.070750 0.104667
342 0.716000 0.571833 0.065000 0.104333
342 0.656375 0.566000 0.065750 0.103333
342 0.594000 0.561000 0.063000 0.098667
164 0.534375 0.556167 0.053250 0.095667
164 0.490375 0.553333 0.053250 0.098667
145 0.441500 0.551333 0.048000 0.095333
145 0.394750 0.549500 0.050500 0.092333
53 0.344875 0.544500 0.055250 0.092333
53 0.292125 0.541500 0.050750 0.088333
53 0.241375 0.535667 0.055250 0.088000
53 0.148625 0.526000 0.063750 0.085333
53 0.093875 0.525000 0.065250 0.083333
29 0.105625 0.632333 0.054250 0.095333
29 0.150500 0.636167 0.059000 0.092333
29 0.204250 0.636333 0.054500 0.090000
29 0.250125 0.640167 0.051250 0.089667
29 0.295125 0.651000 0.054250 0.095333
130 0.347875 0.656667 0.055250 0.098667
130 0.398625 0.660667 0.054250 0.095333
130 0.451375 0.663667 0.055250 0.098667
34 0.503000 0.667667 0.059000 0.106667
34 0.558750 0.673333 0.059000 0.106667
34 0.613500 0.680167 0.063000 0.103000
34 0.667125 0.688000 0.070750 0.106667
181 0.720750 0.694833 0.063000 0.103000
181 0.774500 0.698667 0.063000 0.103333
181 0.835125 0.706667 0.070750 0.106667
97 0.895625 0.713333 0.070750 0.095333
23 0.950250 0.717333 0.066000 0.104667
97 0.984750 0.722167 0.030500 0.101000
30 0.096750 0.769000 0.059000 0.100000
30 0.139750 0.768167 0.057000 0.121000
218 0.185625 0.771000 0.057250 0.120667
85 0.593875 0.822667 0.056250 0.095333
85 0.641750 0.820833 0.063000 0.095667
85 0.691625 0.826667 0.062250 0.123333
85 0.743250 0.826667 0.065000 0.123333
7 0.779375 0.833667 0.070750 0.106000
7 0.878125 0.829667 0.093250 0.095333
355 0.987250 0.477000 0.025500 0.100000
305 0.067250 0.414167 0.045500 0.078333
305 0.105500 0.421000 0.049000 0.084667
205 0.542875 0.809000 0.058750 0.140667
205 0.490500 0.803833 0.058500 0.139667
205 0.438000 0.799333 0.059500 0.138667
205 0.386250 0.793667 0.060500 0.138667
218 0.336500 0.790667 0.065000 0.128667
218 0.282375 0.785500 0.058750 0.126333
218 0.237250 0.779000 0.055000 0.128000
