270 0.071181 0.286872 0.079365 0.111442
143 0.141493 0.324074 0.083085 0.043651
143 0.139509 0.231316 0.077133 0.045966
52 0.256820 0.314319 0.057292 0.059854
52 0.314236 0.318122 0.060516 0.062831
280 0.417907 0.320271 0.036706 0.066468
280 0.449157 0.320106 0.032242 0.065476
280 0.482267 0.322090 0.036458 0.064153
307 0.518477 0.324074 0.036458 0.062169
307 0.559028 0.324074 0.036706 0.064153
307 0.578001 0.324074 0.029514 0.062169
188 0.608259 0.324074 0.036458 0.062169
188 0.643477 0.326058 0.036458 0.062169
239 0.684524 0.324074 0.039187 0.068783
239 0.715774 0.324074 0.034226 0.071429
239 0.748884 0.324074 0.036458 0.071429
217 0.799727 0.328042 0.049355 0.068783
217 0.847594 0.327050 0.049355 0.065476
284 0.884549 0.328042 0.049355 0.064153
284 0.918899 0.328042 0.053571 0.068783
265 0.968626 0.332837 0.056796 0.066468
284 0.918775 0.269345 0.050843 0.057209
284 0.868056 0.272321 0.049603 0.056548
217 0.818204 0.274306 0.043155 0.053241
217 0.763517 0.269345 0.045883 0.040675
333 0.199157 0.312335 0.053571 0.072421
143 0.143477 0.277282 0.077133 0.049272
264 0.644221 0.470403 0.041419 0.057209
157 0.683532 0.471396 0.043155 0.057209
157 0.729539 0.472388 0.045883 0.055886
73 0.774802 0.473380 0.043155 0.055886
73 0.816344 0.474372 0.043403 0.055886
204 0.854787 0.475694 0.045883 0.055886
204 0.893353 0.477017 0.039683 0.055225
243 0.842138 0.574239 0.105407 0.050595
243 0.839906 0.614914 0.094494 0.035384
82 0.676959 0.564649 0.046379 0.047950
82 0.716146 0.563492 0.039931 0.050265
82 0.713294 0.609458 0.039187 0.044312
82 0.674975 0.608631 0.041915 0.043320
0 0.746404 0.604663 0.029018 0.052579
0 0.773810 0.604993 0.032242 0.053241
12 0.489955 0.549272 0.047371 0.056217
12 0.489831 0.604332 0.048611 0.055886
12 0.535590 0.604663 0.044395 0.055886
12 0.535714 0.550595 0.045635 0.056217
12 0.581225 0.550265 0.047867 0.058862
12 0.581721 0.605655 0.046379 0.054563
12 0.627728 0.602844 0.048611 0.053571
12 0.624504 0.549934 0.048115 0.055556
207 0.440600 0.604828 0.047371 0.053571
207 0.440476 0.550265 0.047123 0.059524
207 0.391741 0.550430 0.050347 0.060516
207 0.392113 0.604828 0.049603 0.050926
207 0.342882 0.549934 0.046875 0.059524
207 0.343378 0.603505 0.047371 0.050926
207 0.295139 0.602513 0.043651 0.052910
207 0.294643 0.548942 0.044643 0.056217
250 0.180432 0.553571 0.032490 0.051587
250 0.216766 0.554563 0.040179 0.050926
250 0.253472 0.553902 0.034722 0.052249
250 0.254340 0.601025 0.033482 0.045304
250 0.216270 0.600860 0.039683 0.043651
250 0.182044 0.599206 0.029266 0.046296
233 0.073537 0.549769 0.047371 0.053902
233 0.074653 0.597388 0.042659 0.045304
233 0.111731 0.597222 0.038442 0.046958
233 0.142733 0.595238 0.031498 0.052249
233 0.115327 0.547288 0.045139 0.052910
21 0.178819 0.697917 0.035218 0.070437
21 0.152158 0.693783 0.035962 0.078042
21 0.122520 0.691799 0.042163 0.081349
21 0.090526 0.691468 0.039683 0.080688
3 0.223214 0.701720 0.060020 0.064815
3 0.281126 0.701885 0.058780 0.065807
3 0.334325 0.702216 0.056052 0.065807
38 0.385045 0.692460 0.029514 0.085979
38 0.413690 0.691799 0.029762 0.084656
38 0.437996 0.695106 0.032738 0.082011
38 0.467510 0.692130 0.028770 0.085979
38 0.495040 0.695602 0.032738 0.081019
38 0.522073 0.692791 0.028770 0.086640
38 0.548735 0.693948 0.028026 0.084987
296 0.590526 0.711475 0.045139 0.054563
296 0.635913 0.711475 0.047619 0.054563
345 0.680060 0.717923 0.038690 0.040344
345 0.710069 0.718254 0.036210 0.041005
212 0.741567 0.718089 0.032738 0.040675
212 0.772817 0.718089 0.034722 0.040675
92 0.804067 0.718254 0.035218 0.041005
92 0.833209 0.718254 0.038938 0.041005
92 0.861607 0.718089 0.033730 0.040675
86 0.515625 0.825893 0.051587 0.058532
86 0.515749 0.775463 0.053323 0.046958
86 0.569444 0.775463 0.051091 0.046958
86 0.568452 0.821098 0.049107 0.055556
86 0.621900 0.828704 0.050843 0.039021
86 0.626860 0.783234 0.053323 0.055886
109 0.676339 0.784888 0.047619 0.055225
109 0.674231 0.829365 0.044395 0.036376
109 0.715774 0.827381 0.043651 0.041005
109 0.718254 0.783234 0.047123 0.053902
329 0.768601 0.810847 0.060516 0.087302
329 0.824529 0.804233 0.057292 0.087302
96 0.109127 0.774140 0.050595 0.054233
96 0.158358 0.776290 0.056796 0.057870
271 0.208457 0.768353 0.043899 0.040013
271 0.249380 0.769511 0.043899 0.040344
271 0.287450 0.777778 0.044147 0.055556
349 0.329241 0.776290 0.045387 0.051918
349 0.372520 0.778439 0.044643 0.056217
349 0.418527 0.777282 0.043899 0.053241
152 0.463914 0.776951 0.042907 0.050595
152 0.464286 0.824901 0.043155 0.047288
349 0.418527 0.827216 0.042907 0.049934
349 0.373636 0.827877 0.042907 0.047288
349 0.328745 0.826885 0.043899 0.057870
271 0.288318 0.824570 0.039435 0.042659
271 0.244544 0.817626 0.047619 0.057209
271 0.204117 0.816303 0.047619 0.058532
96 0.155258 0.823413 0.046131 0.042989
96 0.109127 0.820767 0.046627 0.046958
33 0.107019 0.941799 0.066220 0.084656
33 0.169891 0.940807 0.069940 0.082672
235 0.229415 0.946594 0.063492 0.091601
235 0.285094 0.944279 0.059772 0.088955
208 0.347594 0.963624 0.044395 0.056217
208 0.396453 0.964451 0.034474 0.042659
208 0.396329 0.922454 0.034226 0.045966
132 0.448413 0.921462 0.054563 0.052579
132 0.502976 0.912864 0.053571 0.036045
132 0.448413 0.964616 0.052083 0.039021
132 0.503224 0.954696 0.053571 0.058862
246 0.564236 0.918651 0.055060 0.057540
246 0.613095 0.916501 0.054067 0.053902
246 0.666419 0.913360 0.055556 0.047619
246 0.723214 0.916171 0.057540 0.053241
246 0.665551 0.956019 0.053819 0.046958
246 0.721974 0.963790 0.060020 0.043320
338 0.605407 0.957176 0.041667 0.034722
246 0.563368 0.960152 0.035466 0.029431
62 0.775670 0.940476 0.057292 0.100529
62 0.821305 0.935185 0.053323 0.091270
86 0.943576 0.591931 0.082589 0.035714
59 0.904018 0.686177 0.043651 0.061508
59 0.942212 0.686839 0.048611 0.061508
315 0.887277 0.797123 0.040923 0.059854
315 0.918651 0.797950 0.041667 0.058201
315 0.956225 0.798280 0.049851 0.058862
