307 0.109654 0.113056 0.048868 0.080416
307 0.143027 0.113056 0.041716 0.076632
307 0.183552 0.113056 0.041716 0.076632
188 0.216925 0.110218 0.038141 0.078524
188 0.253874 0.110691 0.041716 0.075686
188 0.283969 0.110691 0.041120 0.075686
280 0.317640 0.106433 0.035757 0.076632
280 0.347437 0.106433 0.034565 0.078524
280 0.377831 0.103595 0.035757 0.080416
239 0.419249 0.093188 0.036353 0.089877
239 0.450536 0.093188 0.033373 0.087985
239 0.481824 0.091769 0.032777 0.090823
38 0.517580 0.086093 0.035161 0.100284
38 0.545292 0.086093 0.035757 0.098392
38 0.580155 0.087512 0.032777 0.093661
21 0.614720 0.086566 0.032777 0.093661
21 0.644815 0.083728 0.033373 0.099338
21 0.680572 0.083728 0.035757 0.095553
21 0.719905 0.084201 0.041716 0.098392
39 0.773540 0.081362 0.035757 0.096500
39 0.808105 0.081362 0.035757 0.098392
39 0.836114 0.079470 0.032181 0.098392
208 0.911800 0.198202 0.052443 0.061495
208 0.954410 0.198202 0.038737 0.061495
343 0.869487 0.207663 0.033373 0.053926
343 0.829261 0.207190 0.031585 0.056764
96 0.650477 0.212867 0.047080 0.058657
96 0.600119 0.214286 0.046484 0.061495
244 0.552145 0.214286 0.051847 0.065279
52 0.486293 0.215232 0.052443 0.065279
52 0.435936 0.215232 0.051847 0.067171
204 0.133194 0.339640 0.050656 0.070009
204 0.178486 0.337275 0.053039 0.070956
284 0.224970 0.335383 0.045888 0.070956
284 0.268176 0.332545 0.045292 0.070956
265 0.315554 0.330653 0.049464 0.070956
265 0.359058 0.328288 0.044696 0.071902
73 0.402563 0.327815 0.045888 0.072848
73 0.446365 0.327815 0.045292 0.069063
264 0.573897 0.320246 0.042908 0.069063
264 0.614124 0.316935 0.043504 0.070009
157 0.656138 0.313150 0.042908 0.070009
157 0.696067 0.310312 0.040524 0.068117
143 0.756257 0.317408 0.073897 0.050142
143 0.829261 0.312677 0.069726 0.050142
0 0.868296 0.302271 0.041716 0.065279
0 0.908522 0.298959 0.039928 0.066225
0 0.943683 0.296121 0.039928 0.068117
109 0.169845 0.561022 0.053635 0.064333
109 0.218713 0.555818 0.051251 0.067171
271 0.266985 0.552034 0.047676 0.065279
271 0.310489 0.551088 0.047676 0.069063
271 0.357569 0.548250 0.050060 0.065279
271 0.357569 0.607852 0.044100 0.055818
271 0.310489 0.610218 0.045292 0.058657
271 0.266687 0.612110 0.043504 0.060549
109 0.218713 0.616367 0.047676 0.061495
109 0.169845 0.621097 0.053635 0.061495
296 0.405244 0.600284 0.045292 0.059603
296 0.404648 0.541154 0.044100 0.064333
296 0.447557 0.540208 0.046484 0.062441
296 0.451132 0.596973 0.046484 0.060549
3 0.502086 0.576159 0.054231 0.085147
3 0.553933 0.573794 0.054231 0.086093
66 0.607271 0.591296 0.053635 0.043519
66 0.606377 0.546831 0.056615 0.051088
66 0.659416 0.544465 0.054231 0.046358
66 0.659118 0.586566 0.052443 0.043519
62 0.197855 0.894513 0.063170 0.122044
62 0.243743 0.891202 0.052443 0.117313
246 0.296484 0.866604 0.060191 0.073794
246 0.351907 0.863765 0.060191 0.068117
246 0.305125 0.919584 0.048868 0.041627
246 0.348033 0.916746 0.045292 0.045412
338 0.438617 0.856670 0.112038 0.069063
338 0.438915 0.913907 0.110250 0.066225
84 0.552443 0.893567 0.108462 0.070956
84 0.552145 0.841533 0.104291 0.061495
132 0.634684 0.833964 0.053635 0.055818
132 0.688915 0.833491 0.053635 0.054872
132 0.693683 0.882687 0.054827 0.064333
132 0.640346 0.885052 0.056615 0.059603
235 0.872467 0.847682 0.057211 0.098392
33 0.817044 0.848628 0.058403 0.100284
33 0.764899 0.849101 0.061383 0.101230
329 0.195471 0.730842 0.057211 0.106906
329 0.252682 0.730842 0.066746 0.108798
329 0.308403 0.726112 0.056615 0.110691
86 0.361740 0.692999 0.063170 0.067171
86 0.413886 0.740303 0.054231 0.063387
86 0.414482 0.686377 0.051847 0.053926
86 0.361144 0.749763 0.053635 0.055818
349 0.465137 0.740303 0.043504 0.057711
349 0.506555 0.734626 0.042908 0.059603
349 0.464839 0.683065 0.044100 0.068117
349 0.505066 0.675970 0.042312 0.067171
152 0.547080 0.669347 0.040524 0.063387
152 0.587604 0.670293 0.042908 0.069063
152 0.547974 0.730369 0.042312 0.060549
152 0.590584 0.725639 0.045292 0.060549
226 0.624255 0.668874 0.031585 0.056764
226 0.660608 0.668401 0.045888 0.061495
226 0.671335 0.722800 0.031585 0.051088
226 0.628725 0.723746 0.030989 0.056764
233 0.705900 0.666036 0.033969 0.066225
233 0.738677 0.664144 0.033969 0.066225
233 0.768772 0.659886 0.034565 0.065279
233 0.738379 0.718070 0.032181 0.052980
233 0.706198 0.719489 0.029797 0.048250
233 0.767282 0.715705 0.028010 0.050142
250 0.793206 0.710974 0.028605 0.055818
250 0.823600 0.702933 0.032181 0.064333
82 0.869785 0.695364 0.035161 0.066225
82 0.898987 0.695837 0.041120 0.063387
82 0.915077 0.691580 0.045888 0.066225
243 0.722586 0.487701 0.084029 0.036897
243 0.723182 0.526490 0.084029 0.050142
243 0.731526 0.576632 0.092372 0.059603
13 0.683552 0.555818 0.005959 0.101230
12 0.795888 0.572375 0.042312 0.056764
12 0.840584 0.568117 0.038737 0.055818
236 0.799166 0.515137 0.052443 0.067171
12 0.839690 0.511353 0.045292 0.065279
207 0.885280 0.509934 0.048272 0.066225
207 0.930274 0.506149 0.052443 0.068117
207 0.926698 0.561968 0.046484 0.052980
207 0.883194 0.564806 0.042908 0.052980
92 0.580751 0.432829 0.031585 0.059603
92 0.609356 0.429991 0.030393 0.061495
92 0.646305 0.426206 0.032777 0.063387
92 0.676996 0.425260 0.032181 0.061495
92 0.708284 0.421949 0.030393 0.062441
92 0.737783 0.423841 0.032181 0.056764
212 0.772050 0.414853 0.033969 0.070956
212 0.830453 0.408231 0.032777 0.080416
212 0.862634 0.406812 0.036353 0.077578
333 0.958880 0.085147 0.045292 0.081362
235 0.927890 0.844371 0.048868 0.101230
250 0.796186 0.659413 0.023838 0.054872
