200 0.072917 0.183333 0.113889 0.061458
200 0.068056 0.225260 0.086111 0.051562
225 0.130556 0.216406 0.056944 0.061979
225 0.178472 0.214583 0.052778 0.064583
103 0.227431 0.214583 0.050694 0.061458
103 0.278819 0.212760 0.050694 0.064062
25 0.347569 0.223177 0.075694 0.044271
339 0.440972 0.222396 0.083333 0.045833
282 0.527083 0.212760 0.083333 0.064062
282 0.634375 0.209635 0.079861 0.061979
177 0.945139 0.347396 0.063889 0.061458
334 0.878472 0.349219 0.058333 0.064062
334 0.819792 0.349219 0.057639 0.064062
238 0.738889 0.349219 0.079167 0.059896
238 0.654861 0.349479 0.079167 0.061458
238 0.658681 0.301563 0.077083 0.037500
238 0.736111 0.301563 0.081944 0.037500
215 0.569792 0.302604 0.078472 0.037500
215 0.487847 0.302604 0.075694 0.037500
203 0.411458 0.302604 0.070139 0.033333
203 0.411806 0.330729 0.072222 0.033333
203 0.484028 0.332813 0.072222 0.034375
203 0.564236 0.334896 0.070139 0.033333
203 0.563194 0.367969 0.075000 0.029687
203 0.487153 0.367708 0.064583 0.030208
203 0.411806 0.367969 0.063889 0.029687
206 0.343403 0.350260 0.061806 0.059896
206 0.283681 0.350260 0.061806 0.059896
32 0.227083 0.349219 0.056944 0.059896
196 0.172569 0.348438 0.050694 0.060417
196 0.129514 0.348438 0.050694 0.060417
248 0.082986 0.348438 0.050694 0.060417
248 0.034028 0.348438 0.047222 0.060417
89 0.576736 0.490885 0.056250 0.033854
89 0.576736 0.450000 0.056250 0.046875
89 0.634375 0.450000 0.056250 0.048958
89 0.634722 0.491927 0.059722 0.033854
174 0.542014 0.565625 0.085417 0.042708
174 0.540278 0.601562 0.087500 0.041667
174 0.539583 0.634115 0.086111 0.029687
297 0.632639 0.566927 0.091667 0.046354
297 0.630208 0.605990 0.089583 0.035937
297 0.627431 0.635677 0.089583 0.029687
173 0.718403 0.638802 0.090972 0.031771
173 0.723611 0.608854 0.093056 0.034375
173 0.724653 0.571615 0.092361 0.045312
309 0.819792 0.572656 0.097917 0.044271
309 0.817708 0.611458 0.096528 0.037500
309 0.817361 0.643229 0.093056 0.033333
87 0.907292 0.646615 0.085417 0.030729
87 0.907292 0.615625 0.085417 0.039583
87 0.908681 0.575521 0.092361 0.044792
46 0.718056 0.432031 0.106944 0.038021
46 0.718056 0.468750 0.095833 0.036458
46 0.713542 0.500521 0.095139 0.030208
287 0.817708 0.431250 0.099306 0.038542
287 0.815625 0.467969 0.099306 0.038021
287 0.811458 0.501302 0.099306 0.031771
27 0.909722 0.504427 0.097222 0.030729
189 0.911111 0.472917 0.101389 0.036458
189 0.915625 0.436979 0.099306 0.038542
24 0.456597 0.450260 0.057639 0.045312
24 0.514583 0.450260 0.059722 0.046354
24 0.455903 0.491667 0.057639 0.039583
24 0.517708 0.492708 0.057639 0.039583
222 0.228125 0.475260 0.057639 0.060937
222 0.284028 0.476562 0.058333 0.060417
142 0.340278 0.477344 0.058333 0.060937
142 0.396181 0.478646 0.057639 0.061458
255 0.034028 0.477604 0.068056 0.048958
319 0.110764 0.481771 0.070139 0.041667
310 0.168056 0.483073 0.065278 0.041146
111 0.039931 0.598177 0.046528 0.058854
111 0.081944 0.599740 0.043056 0.058854
306 0.136806 0.590104 0.065278 0.082292
306 0.198264 0.591146 0.074306 0.084375
178 0.327083 0.602865 0.047222 0.071354
178 0.370833 0.603385 0.041667 0.072396
325 0.247917 0.611458 0.038889 0.046875
325 0.284375 0.612500 0.036806 0.046875
65 0.423264 0.604427 0.049306 0.075521
65 0.468403 0.605469 0.040972 0.076563
136 0.497917 0.714844 0.047222 0.066146
136 0.544792 0.716146 0.047917 0.067708
136 0.588194 0.717187 0.040278 0.068750
259 0.445833 0.717187 0.055556 0.058333
56 0.644792 0.721875 0.057639 0.066667
56 0.700347 0.723437 0.060417 0.069792
56 0.757292 0.724740 0.063194 0.072396
106 0.829514 0.723958 0.068750 0.079167
306 0.901736 0.726562 0.097917 0.085417
298 0.830903 0.914844 0.067361 0.067187
298 0.890972 0.915885 0.063889 0.068229
282 0.564931 0.909375 0.084028 0.070833
282 0.489931 0.905469 0.084028 0.063021
40 0.239583 0.869531 0.048611 0.057813
40 0.296181 0.874740 0.070139 0.060937
40 0.351736 0.877344 0.043750 0.055729
40 0.234028 0.792708 0.050000 0.058333
40 0.290625 0.798438 0.068750 0.061458
40 0.346528 0.798958 0.045833 0.058333
40 0.238542 0.714583 0.063194 0.067708
40 0.298611 0.717448 0.056944 0.067187
40 0.345833 0.716146 0.044444 0.067708
171 0.020833 0.782031 0.041667 0.060937
171 0.060764 0.783594 0.054861 0.064062
171 0.100347 0.783854 0.039583 0.064583
171 0.073264 0.859115 0.054861 0.057813
160 0.108333 0.861719 0.026389 0.053646
171 0.026736 0.855469 0.053472 0.056771
