214 0.949479 0.128125 0.101042 0.165625
214 0.877083 0.152734 0.083333 0.139844
130 0.584896 0.177734 0.098958 0.157031
130 0.508854 0.194531 0.088542 0.143750
130 0.410417 0.208984 0.075000 0.138281
194 0.525521 0.548047 0.082292 0.119531
194 0.615104 0.559766 0.094792 0.124219
355 0.683333 0.578125 0.077083 0.125000
223 0.765625 0.598828 0.127083 0.133594
61 0.875000 0.587891 0.108333 0.128906
61 0.950000 0.599609 0.100000 0.161719
197 0.711458 0.789453 0.143750 0.161719
145 0.614583 0.745313 0.106250 0.157812
145 0.541667 0.723047 0.079167 0.128906
164 0.481250 0.700391 0.083333 0.127344
35 0.427604 0.808594 0.094792 0.115625
7 0.518750 0.875391 0.077083 0.113281
7 0.578125 0.882031 0.095833 0.143750
61 0.472396 0.854688 0.080208 0.093750
164 0.435417 0.673047 0.070833 0.110156
29 0.249479 0.244141 0.076042 0.094531
29 0.297396 0.238672 0.063542 0.099219
53 0.342708 0.237500 0.085417 0.093750
53 0.351042 0.149609 0.079167 0.111719
47 0.646875 0.388281 0.093750 0.112500
78 0.588542 0.385547 0.045833 0.105469
117 0.534375 0.384766 0.087500 0.100781
305 0.472396 0.382422 0.065625 0.094531
78 0.430729 0.380859 0.048958 0.089844
34 0.242708 0.356250 0.058333 0.101562
34 0.277604 0.356641 0.061458 0.107031
30 0.318750 0.357812 0.064583 0.109375
30 0.369271 0.360547 0.071875 0.117969
336 0.958333 0.387891 0.083333 0.169531
336 0.889583 0.394922 0.116667 0.136719
108 0.751563 0.385156 0.113542 0.131250
187 0.940625 0.889453 0.118750 0.175781
197 0.834375 0.837109 0.116667 0.155469
218 0.279687 0.699219 0.061458 0.114062
205 0.328646 0.745703 0.078125 0.138281
205 0.359375 0.771094 0.060417 0.146875
181 0.381771 0.645312 0.046875 0.106250
181 0.346875 0.628125 0.060417 0.110937
97 0.307292 0.611328 0.045833 0.099219
97 0.270833 0.595703 0.045833 0.089844
121 0.264583 0.471094 0.050000 0.092188
121 0.297917 0.478125 0.039583 0.095312
342 0.379167 0.500781 0.064583 0.101562
75 0.402604 0.515234 0.017708 0.080469
342 0.337500 0.489844 0.056250 0.090625
75 0.464062 0.532813 0.046875 0.098437
75 0.419271 0.521094 0.046875 0.092188
