108 0.161784 0.495850 0.107422 0.110840
330 0.266276 0.490967 0.156250 0.130371
50 0.397135 0.487061 0.126302 0.131348
164 0.520182 0.488037 0.135417 0.147949
164 0.644206 0.485107 0.141276 0.156738
97 0.957031 0.689209 0.085938 0.160645
181 0.846354 0.669678 0.144531 0.129395
181 0.721354 0.670654 0.141927 0.152832
218 0.341471 0.649170 0.133464 0.152832
218 0.240885 0.652100 0.156250 0.152832
7 0.465495 0.870850 0.151042 0.170410
85 0.715495 0.876709 0.179688 0.186035
85 0.831706 0.886963 0.162109 0.203613
35 0.954427 0.872803 0.091146 0.169434
214 0.879557 0.042725 0.114583 0.085449
53 0.605143 0.046631 0.162109 0.093262
53 0.459635 0.050781 0.161458 0.101562
29 0.262370 0.053711 0.180990 0.107422
29 0.079753 0.056641 0.159505 0.113281
130 0.137370 0.277100 0.187500 0.175293
130 0.269206 0.277100 0.163411 0.177246
30 0.395182 0.268311 0.136719 0.194824
30 0.579753 0.269287 0.172526 0.195801
261 0.725260 0.304443 0.119792 0.121582
261 0.840495 0.300537 0.123698 0.129395
61 0.955729 0.308350 0.088542 0.118652
61 0.957357 0.192139 0.085286 0.149902
214 0.745768 0.046631 0.176432 0.093262
205 0.230143 0.819824 0.123047 0.128906
205 0.332682 0.850830 0.154948 0.168457
34 0.577799 0.689941 0.136068 0.147461
34 0.454102 0.669189 0.134766 0.146973
194 0.776042 0.483398 0.122396 0.123047
75 0.922852 0.493164 0.149089 0.128906
