342 0.130615 0.169922 0.067871 0.109375
342 0.194092 0.172852 0.063965 0.111328
342 0.257568 0.163086 0.074707 0.137370
23 0.330811 0.167969 0.072754 0.131510
23 0.403076 0.174805 0.072754 0.132161
187 0.477295 0.184570 0.069824 0.120443
187 0.548584 0.186523 0.072754 0.116536
164 0.614014 0.191406 0.067871 0.117188
164 0.672607 0.194336 0.063965 0.113932
214 0.726318 0.208008 0.050293 0.090495
214 0.766357 0.211914 0.042480 0.085286
214 0.810303 0.212891 0.047363 0.084635
260 0.981689 0.384766 0.036621 0.080729
260 0.942139 0.383789 0.051270 0.076172
260 0.895264 0.381836 0.051270 0.076172
61 0.850342 0.380859 0.047363 0.074219
61 0.808350 0.379883 0.045410 0.076172
61 0.764404 0.378906 0.044434 0.076823
261 0.720459 0.377930 0.045410 0.076172
261 0.678467 0.377930 0.047363 0.076172
261 0.637451 0.376953 0.047363 0.076823
261 0.593506 0.374023 0.047363 0.078776
194 0.541748 0.363281 0.058105 0.100260
194 0.485107 0.359375 0.058105 0.100260
75 0.427490 0.358398 0.060059 0.098307
75 0.368896 0.356445 0.057129 0.099609
30 0.303467 0.335938 0.069824 0.135417
30 0.239014 0.332031 0.085449 0.139323
29 0.161865 0.333008 0.078613 0.125651
29 0.087646 0.331055 0.078613 0.124349
130 0.113037 0.509766 0.069824 0.128906
130 0.188232 0.509766 0.072754 0.131510
130 0.258545 0.511719 0.069824 0.128906
162 0.327881 0.522461 0.069824 0.111328
162 0.394287 0.525391 0.069824 0.110677
191 0.462646 0.525391 0.067871 0.110677
191 0.528076 0.525391 0.069824 0.110677
181 0.599365 0.517578 0.069824 0.126302
181 0.657959 0.517578 0.062012 0.123698
78 0.718506 0.498047 0.055176 0.080729
78 0.771240 0.501953 0.054199 0.085938
47 0.822998 0.502930 0.054199 0.085286
47 0.870850 0.504883 0.047363 0.085286
305 0.916748 0.504883 0.051270 0.082682
305 0.965576 0.505859 0.050293 0.085938
315 0.965576 0.624023 0.047363 0.074870
315 0.921631 0.624023 0.045410 0.070964
315 0.879639 0.621094 0.045410 0.069010
201 0.837646 0.621094 0.047363 0.071615
201 0.789795 0.618164 0.045410 0.068359
261 0.749756 0.615234 0.038574 0.071615
117 0.715576 0.611328 0.055176 0.080729
108 0.637451 0.720703 0.062012 0.105469
50 0.573975 0.723633 0.060059 0.095703
50 0.520264 0.721680 0.059082 0.095703
97 0.459717 0.712891 0.066895 0.119792
97 0.399170 0.706055 0.062012 0.123047
53 0.329834 0.713867 0.069824 0.116536
53 0.266357 0.713867 0.069824 0.115234
34 0.195068 0.702148 0.069824 0.136068
34 0.128662 0.704102 0.080566 0.141276
218 0.096436 0.887695 0.067871 0.167318
218 0.164795 0.887695 0.079590 0.172526
218 0.239014 0.883789 0.068848 0.173828
218 0.308350 0.879883 0.072754 0.167318
205 0.375732 0.875000 0.068848 0.179688
205 0.442139 0.880859 0.068848 0.167969
85 0.626709 0.890625 0.073730 0.145833
85 0.688232 0.904297 0.070801 0.119792
15 0.749756 0.910156 0.068848 0.109375
15 0.793701 0.915039 0.062012 0.097005
35 0.866943 0.890625 0.064941 0.122396
35 0.914795 0.890625 0.064941 0.123698
47 0.909912 0.738281 0.055176 0.083333
330 0.867920 0.728516 0.042480 0.105469
330 0.817139 0.726562 0.069824 0.102865
223 0.697998 0.723633 0.055176 0.103516
47 0.957764 0.737305 0.051270 0.085286
223 0.747803 0.726562 0.062012 0.100260
268 0.964355 0.204753 0.040039 0.044922
268 0.960205 0.240560 0.030762 0.033203
268 0.983887 0.242188 0.032227 0.031250
268 0.987549 0.208008 0.024902 0.042318
