284 0.012525 0.322090 0.025050 0.060185
284 0.016493 0.380622 0.032986 0.057540
284 0.061384 0.382771 0.052827 0.056548
204 0.109251 0.381614 0.050843 0.060185
231 0.158110 0.384755 0.045883 0.056548
231 0.159102 0.331019 0.045883 0.054233
204 0.114211 0.327050 0.042907 0.054233
44 0.107267 0.499835 0.056796 0.045966
44 0.082961 0.498843 0.045883 0.045966
42 0.014509 0.575066 0.028522 0.044974
42 0.044891 0.574074 0.051091 0.045635
42 0.013517 0.618056 0.027034 0.043651
42 0.047743 0.617063 0.042907 0.041667
296 0.093626 0.605324 0.057788 0.047950
296 0.141493 0.602348 0.039931 0.049934
349 0.178571 0.605324 0.045635 0.039352
349 0.222594 0.605324 0.045883 0.039352
349 0.222594 0.570106 0.045883 0.041667
349 0.183408 0.569114 0.045883 0.039021
132 0.322173 0.693287 0.048115 0.039352
132 0.368056 0.690311 0.045635 0.036706
271 0.407986 0.674603 0.034226 0.039683
271 0.443204 0.674769 0.033234 0.036706
3 0.480407 0.661872 0.039683 0.051257
3 0.522321 0.667824 0.045635 0.051257
208 0.562376 0.664848 0.034474 0.043981
208 0.595486 0.664848 0.029762 0.039352
243 0.602431 0.726356 0.054563 0.045966
243 0.596106 0.757771 0.051835 0.053241
338 0.443204 0.749835 0.061508 0.045304
84 0.355283 0.750827 0.076637 0.037368
84 0.353299 0.785053 0.072173 0.041005
207 0.279142 0.763558 0.042907 0.041667
207 0.279142 0.807540 0.038938 0.043651
207 0.242063 0.811343 0.039187 0.049272
73 0.219246 0.386574 0.040675 0.052910
73 0.252604 0.387401 0.035466 0.051257
73 0.253720 0.334821 0.028770 0.052579
264 0.290055 0.337632 0.042907 0.058201
264 0.291543 0.384590 0.041915 0.039021
217 0.332589 0.338294 0.038194 0.056217
217 0.331969 0.390212 0.038442 0.050265
157 0.368924 0.390708 0.036458 0.049934
157 0.373264 0.340278 0.040675 0.053571
333 0.326141 0.255126 0.044147 0.065146
333 0.366691 0.258267 0.042411 0.065476
280 0.422371 0.269511 0.012401 0.043651
280 0.440228 0.267196 0.024306 0.054894
280 0.459821 0.270999 0.015873 0.049934
38 0.609127 0.271825 0.028274 0.067460
38 0.593502 0.272156 0.020337 0.063492
38 0.561384 0.264881 0.028522 0.075397
38 0.535094 0.262897 0.029018 0.075397
38 0.508061 0.263724 0.027530 0.069775
246 0.575521 0.296627 0.006696 0.011243
21 0.705109 0.278935 0.027282 0.064484
21 0.683780 0.276786 0.030754 0.066138
21 0.649554 0.277943 0.031250 0.059854
113 0.487847 0.375661 0.033730 0.033069
113 0.487723 0.404266 0.031994 0.026786
113 0.519841 0.377149 0.031746 0.032738
113 0.519841 0.405589 0.031746 0.026786
113 0.550595 0.377976 0.031746 0.031746
113 0.550471 0.406250 0.030506 0.026124
345 0.446801 0.486938 0.024554 0.036706
345 0.471478 0.486442 0.025794 0.037698
92 0.502232 0.486276 0.023313 0.036045
92 0.522073 0.485780 0.022321 0.036376
280 0.574777 0.482143 0.023065 0.013889
212 0.552331 0.483135 0.023810 0.011243
303 0.603175 0.486111 0.023810 0.027778
303 0.622768 0.487599 0.022321 0.026124
52 0.683656 0.546296 0.039435 0.042328
52 0.683408 0.583003 0.036458 0.035053
52 0.651910 0.581845 0.034474 0.040013
52 0.651538 0.543155 0.030258 0.040013
244 0.621900 0.546958 0.036458 0.042989
244 0.618056 0.583829 0.034722 0.032738
244 0.587302 0.548280 0.035714 0.044974
244 0.586310 0.584656 0.033730 0.031085
246 0.542287 0.736111 0.038938 0.045635
246 0.503348 0.726190 0.036458 0.037698
246 0.542907 0.776455 0.036706 0.044312
246 0.510789 0.780093 0.034474 0.041005
12 0.167659 0.824074 0.045139 0.041667
12 0.161582 0.792163 0.048859 0.038029
12 0.152406 0.760086 0.044395 0.039352
12 0.193204 0.757110 0.048611 0.033399
12 0.199033 0.779431 0.036458 0.048942
12 0.201761 0.820602 0.031498 0.035384
109 0.173611 0.663194 0.046627 0.043981
109 0.133557 0.662533 0.042411 0.040013
109 0.177083 0.700562 0.041171 0.040013
109 0.131448 0.708168 0.053571 0.053902
86 0.269593 0.697255 0.051587 0.047288
86 0.269965 0.654762 0.054315 0.044974
86 0.223214 0.659722 0.043651 0.046296
86 0.222718 0.698413 0.042659 0.038360
152 0.305556 0.561839 0.041667 0.046958
152 0.307912 0.602844 0.037450 0.036376
152 0.274182 0.600860 0.032986 0.044974
82 0.396081 0.593585 0.025298 0.044974
82 0.369420 0.594081 0.029018 0.045966
82 0.345858 0.594742 0.025546 0.047288
250 0.429315 0.557374 0.025794 0.046627
250 0.427331 0.595238 0.022321 0.035714
0 0.468502 0.590608 0.035714 0.046958
250 0.436508 0.547454 0.024802 0.038029
233 0.502356 0.555886 0.027034 0.043651
233 0.499752 0.590608 0.024306 0.038360
233 0.523810 0.587632 0.025794 0.042989
233 0.546255 0.584987 0.025050 0.045635
21 0.532118 0.569279 0.018105 0.011574
233 0.526662 0.546296 0.025546 0.029101
66 0.170139 0.465443 0.063988 0.044643
66 0.169891 0.503803 0.057540 0.033399
66 0.222222 0.501653 0.058532 0.037698
66 0.226935 0.461144 0.049603 0.039352
143 0.070685 0.673446 0.062004 0.040675
143 0.067584 0.713790 0.067212 0.040013
329 0.074157 0.779431 0.075397 0.068783
329 0.063120 0.830357 0.069196 0.055556
96 0.645213 0.727513 0.028522 0.044312
96 0.671131 0.720403 0.029266 0.031415
96 0.671255 0.754134 0.030506 0.036706
96 0.645213 0.755291 0.028522 0.035053
33 0.780258 0.737765 0.040179 0.059524
33 0.812500 0.732308 0.041667 0.059854
33 0.846850 0.728340 0.037450 0.051918
8 0.741691 0.752149 0.038938 0.043320
8 0.708333 0.755952 0.036706 0.043651
278 0.278770 0.239418 0.048115 0.091931
278 0.233631 0.240079 0.048611 0.085317
207 0.240079 0.762401 0.040179 0.036706
