100 0.221625 0.870333 0.070250 0.126667
58 0.020500 0.956167 0.040500 0.045667
178 0.364875 0.290167 0.033250 0.113000
178 0.405250 0.287333 0.048000 0.112667
178 0.434000 0.286333 0.039000 0.112667
74 0.543875 0.283500 0.074250 0.118333
111 0.589625 0.285167 0.034750 0.072333
111 0.624500 0.291333 0.038000 0.066667
1 0.416250 0.429833 0.047500 0.113667
298 0.378875 0.431833 0.059250 0.115667
49 0.297750 0.415333 0.056500 0.096000
49 0.260625 0.415167 0.056750 0.090333
49 0.225500 0.414333 0.056500 0.096000
100 0.255250 0.854333 0.040000 0.090000
341 0.294500 0.556000 0.049500 0.098000
341 0.258625 0.557167 0.046750 0.097000
151 0.185125 0.558833 0.054750 0.091667
151 0.212375 0.555167 0.040250 0.097000
151 0.164875 0.556167 0.036750 0.097000
87 0.764875 0.447667 0.058750 0.042000
87 0.765875 0.407667 0.059750 0.048000
309 0.701750 0.402500 0.077000 0.049000
309 0.702625 0.445333 0.073250 0.048667
45 0.635375 0.450500 0.069250 0.040333
45 0.635375 0.411167 0.066750 0.049000
192 0.216750 0.161333 0.055500 0.082000
192 0.264750 0.160500 0.056500 0.082333
222 0.312000 0.157667 0.050000 0.080667
142 0.356750 0.156000 0.050500 0.082000
103 0.465500 0.149333 0.038000 0.085333
225 0.435375 0.180000 0.031750 0.058667
196 0.401750 0.159167 0.036000 0.072333
19 0.453750 0.102000 0.008500 0.016667
37 0.692750 0.289833 0.029000 0.067667
137 0.660125 0.294833 0.031250 0.059667
325 0.492125 0.284500 0.025750 0.083000
146 0.465375 0.285000 0.025750 0.082667
344 0.578625 0.083500 0.054750 0.067000
25 0.634250 0.101500 0.062000 0.072333
25 0.630625 0.160833 0.058750 0.049000
344 0.572625 0.150500 0.058750 0.072333
334 0.642125 0.529167 0.037250 0.065667
334 0.675125 0.529000 0.033750 0.065333
173 0.479500 0.546667 0.057000 0.036667
173 0.536250 0.546167 0.056500 0.035667
46 0.596250 0.545500 0.057500 0.034333
173 0.480875 0.504500 0.057750 0.042333
56 0.345750 0.570000 0.041500 0.082000
56 0.382000 0.570000 0.040500 0.082000
259 0.428250 0.578333 0.039000 0.067333
141 0.383125 0.690667 0.042250 0.096000
141 0.406375 0.677500 0.020750 0.071000
141 0.424875 0.677333 0.021750 0.070667
27 0.474000 0.639500 0.052500 0.035667
189 0.524625 0.640333 0.048250 0.037333
27 0.472000 0.611333 0.049000 0.032667
174 0.743500 0.652833 0.059000 0.037000
297 0.686875 0.653000 0.054750 0.037333
297 0.688750 0.615000 0.058500 0.040000
174 0.745125 0.613833 0.055750 0.043000
122 0.572500 0.638000 0.046000 0.033333
122 0.622125 0.648167 0.054250 0.039000
272 0.286000 0.684000 0.047500 0.086667
272 0.306375 0.672000 0.035750 0.087333
304 0.165500 0.680167 0.044500 0.087667
304 0.198375 0.680000 0.040750 0.087333
304 0.223500 0.678000 0.031500 0.087333
100 0.283375 0.876167 0.024750 0.073000
63 0.473875 0.884833 0.037750 0.108333
63 0.508000 0.843667 0.030000 0.096667
171 0.572000 0.854500 0.034500 0.093667
171 0.604500 0.865000 0.031500 0.112667
171 0.636625 0.864167 0.023250 0.115667
160 0.546000 0.830167 0.020500 0.065667
348 0.575250 0.735000 0.056000 0.061333
348 0.603750 0.721000 0.031000 0.054667
348 0.632250 0.726167 0.035000 0.076333
348 0.672500 0.726167 0.039500 0.076333
348 0.715875 0.730833 0.041750 0.071000
100 0.333625 0.882833 0.039250 0.073667
100 0.376000 0.885833 0.045500 0.087667
100 0.414750 0.883667 0.032000 0.093333
73 0.165500 0.301500 0.059000 0.084333
284 0.217500 0.298833 0.049000 0.088333
265 0.324000 0.294333 0.046000 0.061333
160 0.738375 0.881333 0.031250 0.075333
160 0.702500 0.883167 0.038000 0.098333
160 0.672375 0.870500 0.025750 0.081667
