265 0.104375 0.158082 0.049250 0.071048
284 0.146375 0.158748 0.045750 0.068828
284 0.187375 0.156083 0.040750 0.072380
217 0.218625 0.152975 0.041250 0.073268
217 0.258625 0.151199 0.042750 0.075933
239 0.311375 0.144316 0.032750 0.087034
239 0.339625 0.144316 0.032250 0.085258
239 0.368125 0.143206 0.028250 0.083925
188 0.391500 0.143206 0.029500 0.080373
188 0.418875 0.146092 0.032750 0.074600
307 0.449000 0.143206 0.032000 0.077709
307 0.484250 0.143206 0.032000 0.077709
307 0.511500 0.140542 0.032000 0.080373
280 0.545750 0.139432 0.032000 0.081705
280 0.568250 0.139432 0.027000 0.081705
280 0.596500 0.124778 0.036000 0.106572
52 0.702000 0.137655 0.053500 0.074600
52 0.752750 0.133437 0.057000 0.074156
333 0.803625 0.124778 0.051750 0.092362
143 0.869000 0.141430 0.098000 0.056394
52 0.708000 0.062389 0.058500 0.077709
52 0.753750 0.062389 0.057000 0.077709
264 0.253750 0.336590 0.041500 0.069272
204 0.211875 0.335702 0.042250 0.070160
157 0.166875 0.327043 0.045750 0.088366
73 0.132625 0.341696 0.045750 0.067052
73 0.089750 0.343472 0.046000 0.061723
73 0.127875 0.275089 0.042750 0.086590
204 0.209875 0.264432 0.045750 0.072380
265 0.098750 0.066163 0.045500 0.055062
284 0.141500 0.067052 0.045500 0.062167
284 0.182375 0.066829 0.042750 0.061723
243 0.146875 0.459147 0.091750 0.056838
243 0.150250 0.505551 0.084500 0.043073
0 0.210375 0.495782 0.034750 0.061723
0 0.242500 0.495782 0.033000 0.061723
82 0.266000 0.501332 0.034000 0.063943
82 0.296750 0.502664 0.035500 0.061279
82 0.329500 0.501776 0.037000 0.062167
236 0.367500 0.501554 0.045000 0.066163
236 0.409875 0.501998 0.044750 0.067052
236 0.450500 0.501776 0.048000 0.066607
207 0.495125 0.441607 0.046750 0.063499
207 0.534625 0.440719 0.041250 0.064387
207 0.577750 0.440275 0.046000 0.066163
207 0.498000 0.502442 0.041500 0.060835
207 0.541250 0.502442 0.041000 0.060835
207 0.584875 0.502442 0.043750 0.062611
250 0.627625 0.433171 0.032750 0.060835
250 0.623250 0.498002 0.030500 0.063499
250 0.654500 0.499334 0.035000 0.062611
250 0.670500 0.491563 0.039500 0.076377
233 0.724500 0.498446 0.035500 0.063499
233 0.748750 0.480462 0.033000 0.059503
11 0.818500 0.472247 0.088500 0.119449
92 0.141375 0.649867 0.030250 0.052842
92 0.163875 0.650089 0.031250 0.053286
92 0.190375 0.650089 0.029250 0.053286
345 0.216375 0.643872 0.026750 0.040853
345 0.242125 0.644760 0.031750 0.042629
212 0.272625 0.646092 0.027250 0.045293
212 0.298125 0.645648 0.028750 0.044405
251 0.348750 0.647202 0.026000 0.036856
251 0.375625 0.646980 0.029250 0.036412
109 0.428875 0.593917 0.042750 0.065275
109 0.470000 0.594139 0.041500 0.065719
109 0.429125 0.647425 0.038250 0.045293
109 0.467250 0.647425 0.039500 0.046181
349 0.510625 0.584369 0.038750 0.063055
349 0.548250 0.582149 0.036500 0.058615
296 0.510375 0.642540 0.038750 0.055950
296 0.547375 0.641208 0.038750 0.058615
38 0.584875 0.631661 0.027250 0.097247
38 0.610750 0.632105 0.028500 0.098135
38 0.638375 0.632327 0.030250 0.097691
3 0.679375 0.630329 0.053750 0.053730
3 0.679250 0.662300 0.054000 0.053730
3 0.730750 0.634769 0.055000 0.056394
3 0.731125 0.667629 0.051250 0.040409
21 0.775375 0.632993 0.034250 0.101687
21 0.800375 0.633215 0.034750 0.102131
21 0.826625 0.633215 0.034750 0.102131
271 0.654500 0.727575 0.043000 0.056394
271 0.696375 0.729796 0.045750 0.061723
271 0.734500 0.731794 0.041500 0.063055
271 0.655125 0.778863 0.041250 0.047957
271 0.693875 0.781306 0.039250 0.045737
271 0.732875 0.781972 0.045250 0.045293
96 0.814875 0.778197 0.047250 0.057282
96 0.777250 0.777975 0.038000 0.056838
349 0.494500 0.717140 0.037000 0.044405
349 0.532125 0.725799 0.037250 0.030639
349 0.569250 0.714920 0.037000 0.038188
349 0.610625 0.724911 0.041750 0.050178
349 0.609250 0.768428 0.037000 0.043073
349 0.569625 0.761989 0.037250 0.056838
349 0.531875 0.772202 0.040250 0.065719
349 0.494250 0.770426 0.038500 0.065719
86 0.258125 0.717140 0.046750 0.047069
86 0.305000 0.718694 0.055500 0.050178
86 0.365125 0.723801 0.047250 0.055062
86 0.309000 0.765542 0.050500 0.050622
86 0.262250 0.764432 0.052000 0.049290
86 0.367625 0.773535 0.046750 0.048845
152 0.409375 0.774867 0.039250 0.046181
152 0.444500 0.727131 0.043500 0.065275
152 0.405625 0.724911 0.041250 0.057282
152 0.444625 0.777531 0.041750 0.041741
329 0.166625 0.746448 0.050750 0.094139
329 0.215000 0.743561 0.052000 0.099911
62 0.175375 0.902087 0.056750 0.125666
62 0.224375 0.902087 0.060750 0.115009
246 0.298250 0.862123 0.056500 0.064387
246 0.349250 0.842584 0.049500 0.058171
246 0.330000 0.920515 0.036500 0.053286
246 0.294125 0.920293 0.039750 0.054618
132 0.457000 0.928508 0.046500 0.045293
132 0.457000 0.874334 0.046500 0.065719
132 0.502750 0.930950 0.046500 0.050178
132 0.502625 0.873890 0.046750 0.064831
208 0.545750 0.877220 0.040500 0.063499
208 0.545750 0.932282 0.039500 0.051066
208 0.584500 0.874778 0.040500 0.064831
208 0.584500 0.931394 0.039000 0.052842
235 0.631750 0.908970 0.055000 0.101243
235 0.682625 0.917629 0.058750 0.102575
33 0.745125 0.916741 0.068750 0.111456
33 0.800750 0.922735 0.066000 0.105684
236 0.376375 0.437167 0.034250 0.056394
236 0.411375 0.439165 0.042250 0.060391
101 0.430750 0.469361 0.007500 0.006217
