59 0.029250 0.228333 0.058000 0.096000
315 0.082875 0.225333 0.068250 0.092000
264 0.146250 0.216667 0.066500 0.083333
264 0.208750 0.218500 0.058500 0.077667
265 0.264500 0.216667 0.066500 0.080000
265 0.326125 0.220500 0.045750 0.070333
217 0.372875 0.210667 0.061250 0.082000
217 0.431500 0.215667 0.058500 0.080000
157 0.491125 0.213667 0.057750 0.080667
92 0.208875 0.333833 0.088250 0.077667
92 0.284125 0.334833 0.057750 0.070333
345 0.417875 0.329833 0.045750 0.076333
345 0.463750 0.330833 0.046000 0.065667
207 0.309375 0.422667 0.057750 0.066667
207 0.313375 0.491000 0.069750 0.076000
207 0.240125 0.434500 0.068250 0.073000
207 0.179500 0.431500 0.065500 0.075000
207 0.179625 0.499833 0.061750 0.069000
207 0.240125 0.496833 0.061750 0.069000
109 0.305625 0.580833 0.069750 0.066333
109 0.357250 0.573000 0.060500 0.060000
109 0.359250 0.636500 0.057500 0.070333
109 0.297625 0.641500 0.061750 0.064333
349 0.418875 0.632667 0.057750 0.066667
349 0.418875 0.567333 0.057750 0.051333
349 0.468625 0.584833 0.053750 0.064333
132 0.537000 0.608167 0.073000 0.080333
271 0.552625 0.700000 0.053750 0.057333
271 0.552625 0.754833 0.050750 0.063000
271 0.607250 0.746833 0.053500 0.069000
96 0.659125 0.737167 0.069250 0.083000
208 0.736250 0.732167 0.053500 0.080333
8 0.802375 0.733000 0.069750 0.076000
3 0.812375 0.589833 0.068250 0.089000
38 0.750875 0.584833 0.045750 0.100333
38 0.707875 0.589667 0.048750 0.103333
21 0.668875 0.589667 0.043750 0.104667
21 0.630750 0.596500 0.043500 0.095000
21 0.593625 0.600333 0.044750 0.095333
250 0.584875 0.477333 0.042250 0.066667
250 0.542750 0.479333 0.044000 0.065333
236 0.491125 0.478333 0.050750 0.071333
236 0.428500 0.478333 0.053500 0.076000
236 0.370000 0.491000 0.053500 0.066667
73 0.139375 0.094667 0.067750 0.080000
204 0.207000 0.094167 0.065000 0.081667
204 0.214625 0.032000 0.062750 0.060667
284 0.271375 0.094500 0.063250 0.081667
307 0.384625 0.094333 0.028250 0.083333
307 0.418000 0.084333 0.044500 0.104000
307 0.459250 0.084333 0.042500 0.103333
307 0.487625 0.095167 0.018250 0.081000
280 0.539875 0.085667 0.039750 0.101333
280 0.567625 0.093667 0.019750 0.082667
280 0.596125 0.089500 0.039250 0.091000
239 0.634000 0.085333 0.039500 0.097333
239 0.663375 0.092500 0.024250 0.081667
239 0.690750 0.092333 0.035500 0.081333
52 0.827625 0.209333 0.061250 0.065333
52 0.766375 0.210333 0.067750 0.067333
11 0.829125 0.066833 0.068750 0.127000
11 0.762625 0.067333 0.059750 0.128000
233 0.612625 0.408500 0.039750 0.060333
233 0.647875 0.407500 0.030750 0.057667
233 0.658750 0.466167 0.030500 0.062333
233 0.624625 0.469333 0.040750 0.067333
349 0.598625 0.468000 0.011750 0.060667
82 0.718125 0.471333 0.042750 0.063333
82 0.759375 0.467333 0.053250 0.068000
296 0.831625 0.402500 0.068250 0.067000
296 0.829250 0.464833 0.068000 0.065667
86 0.360125 0.775333 0.072250 0.076667
86 0.362750 0.713333 0.067000 0.054667
86 0.430125 0.709333 0.066250 0.056000
86 0.429375 0.770000 0.067750 0.080000
152 0.498375 0.702833 0.051750 0.061000
152 0.493875 0.765500 0.052750 0.072333
84 0.239375 0.730667 0.148750 0.069333
84 0.247625 0.774667 0.146750 0.091333
338 0.325375 0.955667 0.140250 0.086667
338 0.327125 0.907833 0.137750 0.040333
338 0.321375 0.875500 0.132250 0.083000
246 0.435125 0.931000 0.069250 0.079333
246 0.428500 0.853500 0.065500 0.067667
246 0.490500 0.852000 0.061000 0.070000
246 0.491750 0.903833 0.057000 0.049000
243 0.587500 0.928167 0.109500 0.077000
243 0.584875 0.865167 0.108250 0.074333
33 0.684625 0.897500 0.073750 0.118333
33 0.752875 0.893333 0.073250 0.110000
235 0.820250 0.893833 0.069500 0.095667
78 0.068500 0.412167 0.088000 0.108333
223 0.064500 0.585500 0.088500 0.127667
355 0.135250 0.561833 0.054000 0.120333
355 0.113875 0.747000 0.061250 0.126000
355 0.063875 0.713000 0.044750 0.094000
221 0.140375 0.939667 0.073750 0.118000
85 0.068125 0.933333 0.125750 0.133333
85 0.033875 0.891833 0.063250 0.124333
333 0.032250 0.087833 0.061000 0.103667
62 0.221250 0.893167 0.069500 0.070333
62 0.207250 0.961000 0.088500 0.072667
