239 0.093626 0.151124 0.058284 0.114418
239 0.141493 0.161045 0.045883 0.102513
239 0.183408 0.164848 0.051835 0.102844
239 0.236235 0.169643 0.045883 0.101852
239 0.274306 0.174603 0.043651 0.102513
280 0.318204 0.191138 0.039187 0.085979
280 0.360243 0.197090 0.037946 0.083333
280 0.395337 0.201885 0.036706 0.080357
280 0.428571 0.205853 0.034226 0.080357
39 0.570188 0.218585 0.035218 0.087302
39 0.596478 0.225364 0.034722 0.087632
39 0.630828 0.227348 0.039435 0.087632
21 0.668899 0.234292 0.036706 0.073082
21 0.711806 0.234127 0.034226 0.076058
52 0.763641 0.202050 0.053571 0.054233
333 0.887525 0.499835 0.042907 0.056548
38 0.811384 0.495866 0.041419 0.066468
38 0.778150 0.496858 0.042907 0.066468
131 0.727307 0.504795 0.024554 0.050595
251 0.704985 0.501819 0.035962 0.059854
345 0.671751 0.499835 0.035962 0.059854
345 0.643477 0.500827 0.031498 0.061839
92 0.617063 0.501653 0.031250 0.062169
92 0.584821 0.500661 0.033730 0.062169
92 0.556548 0.500661 0.031250 0.062169
212 0.534102 0.503638 0.031498 0.062169
212 0.503720 0.504630 0.034226 0.064153
38 0.482391 0.615079 0.033730 0.093254
38 0.516493 0.615079 0.031002 0.091270
284 0.177083 0.286376 0.064980 0.085317
284 0.113839 0.267361 0.064980 0.063161
284 0.183284 0.352844 0.059028 0.055556
284 0.125248 0.357474 0.064980 0.073413
284 0.184028 0.387070 0.054067 0.019511
217 0.240451 0.277447 0.059772 0.059524
217 0.299851 0.284722 0.055556 0.056878
217 0.244916 0.356812 0.056300 0.054233
217 0.299851 0.360780 0.052579 0.052249
109 0.212798 0.354332 0.011409 0.051918
73 0.353919 0.371362 0.047619 0.067460
73 0.403398 0.374669 0.047371 0.065476
157 0.451265 0.378472 0.045387 0.064484
204 0.494668 0.373843 0.040923 0.047288
265 0.547123 0.310847 0.044643 0.049603
265 0.547743 0.377149 0.045883 0.046627
233 0.548239 0.405919 0.046875 0.016204
264 0.590898 0.379795 0.038938 0.043320
204 0.581969 0.321759 0.030506 0.033730
264 0.633185 0.319940 0.033234 0.046627
264 0.629712 0.382606 0.040675 0.044312
244 0.839534 0.225033 0.049603 0.061177
244 0.876736 0.234458 0.038194 0.066138
244 0.870660 0.280754 0.038938 0.049603
244 0.838046 0.274967 0.036706 0.049934
109 0.156498 0.606151 0.069940 0.068783
109 0.217634 0.604001 0.061260 0.065807
296 0.273562 0.602017 0.060516 0.061177
296 0.328993 0.600198 0.052827 0.056217
296 0.331101 0.651951 0.049107 0.052579
296 0.279514 0.655258 0.055556 0.051918
109 0.219494 0.658730 0.063988 0.052910
109 0.161706 0.662533 0.062996 0.053902
243 0.412698 0.602017 0.097718 0.056548
243 0.415055 0.645668 0.096478 0.053241
207 0.739707 0.574239 0.030010 0.061177
207 0.768229 0.574570 0.038938 0.050595
207 0.739335 0.616733 0.029266 0.038360
207 0.768601 0.615741 0.032738 0.039683
250 0.803323 0.573413 0.032242 0.047619
250 0.826761 0.574074 0.027530 0.040344
250 0.803199 0.614914 0.035466 0.038690
250 0.825149 0.612765 0.021825 0.035714
233 0.863467 0.610946 0.038938 0.042659
233 0.863591 0.570767 0.036706 0.042989
236 0.583333 0.584987 0.047619 0.053571
236 0.626860 0.584821 0.046379 0.053241
12 0.666295 0.582672 0.044891 0.053571
12 0.701885 0.581515 0.037698 0.053241
12 0.700645 0.624008 0.032242 0.039683
12 0.665179 0.626819 0.037698 0.041336
236 0.624380 0.630787 0.037450 0.041997
236 0.586434 0.631614 0.035962 0.043651
86 0.541171 0.749339 0.052083 0.048942
86 0.541171 0.702216 0.053075 0.062500
86 0.491071 0.710648 0.049603 0.060847
86 0.490575 0.753638 0.048611 0.045635
152 0.590526 0.696925 0.039683 0.056548
152 0.626116 0.693287 0.039435 0.058532
152 0.589782 0.743221 0.038194 0.041336
152 0.625372 0.737103 0.039435 0.042328
349 0.668775 0.730489 0.036954 0.041667
349 0.677455 0.687004 0.039931 0.046627
349 0.710069 0.687004 0.036706 0.046627
349 0.702753 0.727017 0.033978 0.036706
132 0.740575 0.719411 0.029266 0.037368
132 0.747024 0.683036 0.029266 0.049934
271 0.767733 0.713128 0.031002 0.037368
271 0.773189 0.675595 0.032490 0.048942
271 0.796007 0.672950 0.024058 0.044312
271 0.793403 0.709325 0.029266 0.039021
96 0.833209 0.667328 0.032490 0.047619
96 0.859747 0.666832 0.030010 0.041997
96 0.829861 0.706184 0.025794 0.036045
96 0.855407 0.705026 0.036210 0.035053
235 0.763269 0.817626 0.045883 0.071759
33 0.799975 0.814319 0.049851 0.065807
33 0.839906 0.812831 0.050347 0.062831
208 0.690352 0.804729 0.035962 0.043981
132 0.651290 0.809689 0.048611 0.053902
132 0.611235 0.818122 0.046379 0.056217
132 0.611607 0.863757 0.047123 0.052910
132 0.654142 0.853340 0.043403 0.047288
208 0.690476 0.844742 0.035714 0.047288
338 0.533606 0.880126 0.097470 0.056548
338 0.534722 0.837136 0.098214 0.068452
246 0.402282 0.907242 0.055060 0.052579
246 0.402282 0.863757 0.058036 0.058862
246 0.454861 0.852183 0.047123 0.050265
246 0.454241 0.897156 0.048363 0.048280
62 0.174603 0.917328 0.069940 0.110450
62 0.236855 0.907573 0.063492 0.104828
62 0.293279 0.899636 0.059772 0.105489
62 0.346850 0.892526 0.055804 0.097222
329 0.181300 0.756614 0.078373 0.113757
329 0.244296 0.756779 0.068452 0.113426
329 0.304067 0.753638 0.063988 0.097884
84 0.394593 0.763889 0.114583 0.066799
84 0.393849 0.717097 0.113095 0.061839
307 0.534474 0.134921 0.031746 0.094577
307 0.534474 0.215443 0.032242 0.083003
307 0.509797 0.181052 0.020089 0.141865
307 0.483755 0.130291 0.034970 0.093915
307 0.484995 0.209987 0.033978 0.083333
244 0.764757 0.266865 0.044891 0.062169
52 0.804315 0.273975 0.046627 0.071098
82 0.849330 0.470238 0.030010 0.041667
82 0.840526 0.511574 0.030754 0.041005
0 0.755580 0.505291 0.022073 0.046958
0 0.760417 0.459325 0.022817 0.044974
355 0.878968 0.799438 0.046131 0.079034
355 0.917287 0.780258 0.031994 0.094246
355 0.956721 0.778935 0.037450 0.104828
355 0.988219 0.773810 0.021577 0.103836
2 0.894221 0.663194 0.044891 0.094246
2 0.936384 0.663525 0.034474 0.094907
97 0.967510 0.655589 0.023313 0.080357
97 0.991567 0.650794 0.015873 0.078704
53 0.922743 0.529101 0.050347 0.069444
53 0.958705 0.530258 0.048363 0.070437
53 0.981895 0.532242 0.033730 0.071098
166 0.951389 0.392196 0.059524 0.100529
166 0.978051 0.396495 0.042907 0.089286
29 0.971850 0.269180 0.055308 0.093254
