108 0.109361 0.498009 0.069307 0.100199
223 0.155266 0.506636 0.076508 0.110816
262 0.208371 0.509622 0.078308 0.116788
336 0.251125 0.512608 0.082808 0.126742
330 0.309631 0.525216 0.081008 0.121433
194 0.382088 0.540146 0.094509 0.136695
53 0.481548 0.543796 0.124212 0.145322
130 0.605311 0.554745 0.150315 0.187127
29 0.748875 0.572329 0.169217 0.213006
29 0.888839 0.591904 0.139514 0.208361
261 0.401890 0.365627 0.080108 0.103517
315 0.334383 0.363636 0.069307 0.098208
61 0.263276 0.359655 0.069307 0.091573
61 0.211971 0.359655 0.069307 0.087591
201 0.164266 0.356669 0.069307 0.081619
260 0.105761 0.353683 0.067507 0.076974
260 0.036904 0.353683 0.073807 0.076974
164 0.385689 0.104844 0.083708 0.098208
342 0.314581 0.108825 0.112511 0.173855
187 0.479748 0.093563 0.135014 0.187127
187 0.602160 0.085601 0.156616 0.171201
191 0.749325 0.076974 0.162916 0.153948
191 0.917192 0.072993 0.162016 0.145985
218 0.859136 0.847711 0.157516 0.259456
218 0.742124 0.833776 0.159316 0.268746
97 0.605761 0.792966 0.169217 0.214997
97 0.481548 0.759456 0.149415 0.201062
328 0.337534 0.722960 0.090009 0.130723
14 0.254725 0.708361 0.111611 0.130723
78 0.157966 0.690776 0.090909 0.107498
240 0.045455 0.652289 0.080108 0.087591
268 0.068857 0.127405 0.069307 0.047777
268 0.121512 0.136364 0.063006 0.047113
268 0.068857 0.165893 0.065707 0.046450
268 0.070207 0.197412 0.070207 0.035169
268 0.121062 0.172196 0.062106 0.044459
214 0.247525 0.154612 0.048605 0.088918
50 0.183168 0.143331 0.081908 0.091573
36 0.285329 0.287658 0.057606 0.068348
36 0.344734 0.286994 0.077408 0.069675
34 0.788479 0.324818 0.183618 0.220969
34 0.924842 0.324818 0.121512 0.231586
30 0.639964 0.331121 0.140414 0.193762
30 0.538704 0.330126 0.099910 0.177173
194 0.057606 0.492701 0.055806 0.112143
35 0.216472 0.886530 0.094509 0.135368
15 0.106661 0.826808 0.101710 0.115461
15 0.040954 0.820504 0.074707 0.132050
85 0.433843 0.904114 0.131413 0.071002
85 0.296130 0.931984 0.172817 0.136032
85 0.385689 0.963504 0.215122 0.072993
