342 0.136979 0.755469 0.217708 0.170313
342 0.256771 0.719141 0.146875 0.172656
23 0.550000 0.800391 0.100000 0.150781
23 0.615625 0.774219 0.091667 0.139063
205 0.665104 0.733203 0.090625 0.163281
205 0.713542 0.703516 0.062500 0.138281
181 0.697396 0.581641 0.073958 0.124219
181 0.651563 0.594531 0.076042 0.132812
29 0.665104 0.151953 0.088542 0.128906
29 0.551042 0.114844 0.097917 0.148438
29 0.478646 0.090234 0.123958 0.180469
330 0.430729 0.288672 0.138542 0.132031
50 0.515625 0.295703 0.089583 0.117969
50 0.576042 0.298438 0.089583 0.115625
187 0.444271 0.469141 0.132292 0.144531
187 0.534375 0.469141 0.120833 0.124219
223 0.596875 0.458594 0.077083 0.115625
164 0.665104 0.453906 0.088542 0.110937
330 0.344792 0.282813 0.089583 0.123438
34 0.153125 0.495703 0.260417 0.221094
30 0.366667 0.083984 0.127083 0.167969
30 0.241667 0.070703 0.152083 0.141406
130 0.722396 0.167187 0.065625 0.098437
130 0.760417 0.179297 0.054167 0.089844
75 0.819271 0.210156 0.055208 0.078125
194 0.847917 0.217578 0.043750 0.071094
194 0.883333 0.225391 0.058333 0.075781
78 0.791146 0.322266 0.063542 0.072656
47 0.826562 0.325000 0.044792 0.068750
47 0.852083 0.326172 0.043750 0.066406
61 0.912500 0.334375 0.037500 0.051562
261 0.758854 0.449609 0.044792 0.060156
261 0.729167 0.451172 0.039583 0.064844
97 0.452083 0.662109 0.095833 0.150781
97 0.517188 0.637891 0.098958 0.138281
181 0.586458 0.618359 0.062500 0.125781
35 0.751563 0.700391 0.044792 0.094531
218 0.149479 0.929688 0.184375 0.139063
218 0.277604 0.905078 0.155208 0.189844
218 0.376042 0.870313 0.133333 0.170313
78 0.638021 0.307031 0.051042 0.081250
78 0.673958 0.310547 0.041667 0.075781
305 0.707292 0.312500 0.041667 0.071875
305 0.740104 0.313281 0.040625 0.070312
85 0.831771 0.617578 0.103125 0.030469
7 0.798958 0.678516 0.043750 0.061719
268 0.854167 0.460156 0.027083 0.023438
268 0.873437 0.459375 0.019792 0.029687
186 0.852604 0.560156 0.032292 0.026562
186 0.871875 0.555859 0.027083 0.017969
201 0.871875 0.407031 0.033333 0.056250
61 0.843229 0.406641 0.019792 0.046094
61 0.818229 0.410547 0.023958 0.053906
170 0.779167 0.405469 0.029167 0.045312
170 0.744271 0.403906 0.038542 0.042188
