275 0.390716 0.315927 0.263889 0.069353
275 0.396016 0.375685 0.270833 0.072094
275 0.363121 0.427495 0.285453 0.080318
275 0.348136 0.498629 0.294956 0.070724
275 0.349050 0.542900 0.296784 0.061678
275 0.333882 0.597725 0.315424 0.058936
275 0.561952 0.447368 0.104167 0.116776
237 0.823648 0.347862 0.248904 0.073465
237 0.824196 0.407484 0.257310 0.058388
237 0.825841 0.453810 0.259137 0.047971
237 0.825110 0.520011 0.250365 0.040570
72 0.841009 0.563048 0.317982 0.032895
72 0.840826 0.615817 0.318348 0.078125
72 0.838816 0.777686 0.322368 0.069079
