53 0.017063 0.173233 0.034127 0.084589
53 0.052116 0.170915 0.052910 0.089996
29 0.100132 0.166474 0.048413 0.095017
194 0.154233 0.164156 0.043386 0.093472
75 0.187566 0.162997 0.040741 0.095017
75 0.220899 0.159521 0.042857 0.095017
75 0.254233 0.159521 0.043386 0.095017
75 0.294841 0.157397 0.046296 0.096949
148 0.564683 0.130939 0.053175 0.117420
148 0.613624 0.123214 0.059524 0.124372
14 0.670767 0.119544 0.060582 0.128621
14 0.732275 0.113944 0.071958 0.132870
328 0.803175 0.104867 0.077249 0.141754
328 0.882407 0.093472 0.081217 0.146002
61 0.886508 0.273658 0.064550 0.103129
61 0.826190 0.275975 0.064550 0.100039
61 0.769841 0.273658 0.064550 0.100039
355 0.714683 0.273658 0.053175 0.100039
355 0.662566 0.273658 0.055291 0.100039
261 0.615741 0.275975 0.053175 0.095404
261 0.570899 0.277134 0.052910 0.095404
223 0.490741 0.322711 0.064550 0.114716
223 0.433333 0.322711 0.059788 0.103129
240 0.387566 0.322711 0.052910 0.096949
78 0.320899 0.321553 0.043386 0.088451
78 0.283333 0.319428 0.039153 0.086520
30 0.141667 0.297605 0.046296 0.106219
121 0.104233 0.297605 0.040741 0.096949
121 0.080159 0.297605 0.038624 0.093086
130 0.045899 0.297605 0.043122 0.095404
50 0.063624 0.421784 0.037831 0.086520
330 0.102116 0.433372 0.042857 0.086520
330 0.133466 0.435689 0.043122 0.086520
162 0.165608 0.439166 0.040741 0.095017
162 0.191799 0.443608 0.043915 0.096949
162 0.230291 0.448243 0.050000 0.099266
47 0.267725 0.466396 0.043386 0.088451
47 0.303175 0.469679 0.043386 0.086520
117 0.349074 0.475473 0.056878 0.095017
305 0.411508 0.485709 0.069048 0.100039
93 0.478175 0.494979 0.046296 0.098494
93 0.517857 0.500579 0.053175 0.103515
355 0.558466 0.517767 0.043386 0.095404
315 0.593783 0.531479 0.045767 0.095017
315 0.637566 0.539397 0.051323 0.095404
315 0.695899 0.545191 0.053175 0.096949
214 0.855291 0.734453 0.065608 0.132484
214 0.803175 0.732329 0.052910 0.117420
214 0.748016 0.731170 0.057407 0.117420
164 0.523016 0.661452 0.064550 0.126304
164 0.469841 0.645423 0.052910 0.125917
145 0.423016 0.633063 0.050794 0.122827
145 0.384392 0.620317 0.050794 0.117420
97 0.342725 0.596562 0.045767 0.100039
97 0.303175 0.587292 0.052910 0.113171
97 0.258333 0.581692 0.050000 0.103515
97 0.220899 0.581499 0.041270 0.100039
181 0.184392 0.556586 0.046032 0.103515
181 0.150000 0.549633 0.043915 0.103515
187 0.106217 0.540556 0.055820 0.100039
342 0.063492 0.529162 0.044974 0.100425
342 0.036508 0.521051 0.038624 0.090382
23 0.094841 0.683275 0.050529 0.117420
197 0.143783 0.707030 0.045767 0.103129
218 0.179101 0.711665 0.040741 0.103129
218 0.217857 0.734453 0.060582 0.143299
218 0.254233 0.739088 0.056085 0.147934
205 0.291667 0.756083 0.060582 0.161066
205 0.342725 0.766512 0.065344 0.171109
35 0.403175 0.798378 0.046032 0.125917
35 0.445899 0.815373 0.053175 0.125917
15 0.473942 0.851873 0.048413 0.163384
15 0.509392 0.856508 0.048413 0.163384
7 0.558333 0.871379 0.042063 0.141367
7 0.613624 0.887215 0.056349 0.149092
85 0.703175 0.886250 0.076190 0.096949
85 0.769841 0.923909 0.052910 0.148320
34 0.055159 0.667246 0.041534 0.100039
268 0.741799 0.540942 0.041270 0.053689
268 0.741534 0.582464 0.039153 0.049440
268 0.784259 0.544805 0.044709 0.061414
268 0.779762 0.588451 0.043122 0.052916
186 0.827513 0.543453 0.043915 0.062572
186 0.823810 0.587099 0.042857 0.063345
186 0.862037 0.602163 0.053704 0.061027
186 0.875265 0.539011 0.037302 0.049054
260 0.747619 0.438779 0.056614 0.100425
260 0.801984 0.442449 0.062698 0.110854
260 0.860185 0.448436 0.066931 0.113557
36 0.565873 0.412901 0.049206 0.101970
36 0.607672 0.420433 0.051323 0.099266
30 0.182143 0.297026 0.037831 0.108922
330 0.204894 0.313055 0.028836 0.083044
330 0.229101 0.314407 0.031217 0.082657
330 0.254233 0.315373 0.029630 0.085361
355 0.384656 0.138857 0.054497 0.113171
355 0.437434 0.133449 0.058995 0.117806
