165 0.015000 0.218000 0.030000 0.085333
341 0.058750 0.211333 0.056500 0.101333
341 0.108750 0.212000 0.052500 0.098667
341 0.156500 0.210333 0.047000 0.100667
341 0.200500 0.208333 0.051000 0.106000
347 0.247500 0.212000 0.049000 0.098667
167 0.294250 0.210000 0.049500 0.104000
112 0.344000 0.209333 0.050000 0.109333
118 0.393750 0.214333 0.052500 0.096667
31 0.450500 0.224000 0.053000 0.081333
64 0.502250 0.226667 0.052500 0.077333
299 0.805000 0.232667 0.041000 0.060000
89 0.850000 0.223000 0.047000 0.080667
320 0.889000 0.226000 0.041000 0.077333
334 0.911500 0.331333 0.026000 0.058667
177 0.887000 0.331333 0.034000 0.062667
352 0.857750 0.330333 0.031500 0.063333
337 0.823500 0.333333 0.031000 0.056000
355 0.797000 0.336333 0.032000 0.054000
355 0.767750 0.336333 0.031500 0.054000
238 0.726750 0.335333 0.043500 0.054667
238 0.681000 0.333333 0.047000 0.057333
55 0.469000 0.344000 0.030000 0.062667
225 0.409500 0.345000 0.031000 0.063333
225 0.381250 0.344000 0.031500 0.062667
355 0.301250 0.352000 0.044500 0.072000
141 0.259000 0.345000 0.037000 0.091333
141 0.220000 0.345333 0.037000 0.088000
304 0.108500 0.344000 0.044000 0.093333
304 0.071750 0.344000 0.039500 0.093333
272 0.115500 0.473000 0.045000 0.092667
272 0.073500 0.474000 0.040000 0.088000
63 0.215250 0.466000 0.038500 0.093333
63 0.248500 0.467000 0.040000 0.088667
25 0.349750 0.445667 0.044500 0.055333
339 0.397750 0.443667 0.046500 0.060667
225 0.443750 0.443667 0.041500 0.055333
71 0.491500 0.443667 0.040000 0.058000
19 0.530750 0.440000 0.040500 0.054667
314 0.578250 0.438000 0.040500 0.049333
16 0.617250 0.434667 0.040500 0.046667
314 0.578250 0.480667 0.039500 0.050667
16 0.620500 0.482667 0.040000 0.050667
37 0.857750 0.425000 0.031500 0.055333
37 0.882250 0.426000 0.028500 0.054667
355 0.903750 0.426000 0.030500 0.050667
24 0.690750 0.512000 0.037500 0.065333
24 0.657500 0.518667 0.035000 0.054667
111 0.618500 0.587333 0.043000 0.073333
222 0.578250 0.591000 0.037500 0.063333
192 0.516750 0.591333 0.040500 0.065333
206 0.476750 0.587333 0.037500 0.072000
324 0.440750 0.587000 0.035500 0.070000
324 0.404500 0.589333 0.034000 0.065333
142 0.371250 0.587000 0.037500 0.070000
142 0.337250 0.587000 0.032500 0.070000
219 0.303000 0.584333 0.039000 0.084667
219 0.269750 0.585333 0.035500 0.086667
151 0.236750 0.587333 0.038500 0.088000
171 0.202250 0.587333 0.036500 0.093333
40 0.165250 0.587333 0.046500 0.093333
304 0.105750 0.693667 0.042500 0.079333
304 0.146750 0.693667 0.038500 0.078000
160 0.183750 0.693667 0.035500 0.074000
160 0.215250 0.693667 0.032500 0.070000
355 0.235500 0.688667 0.033000 0.077333
355 0.268750 0.686667 0.032500 0.077333
355 0.302000 0.684000 0.033000 0.077333
355 0.330250 0.682000 0.032500 0.076000
325 0.362500 0.682000 0.029000 0.070667
325 0.391750 0.681000 0.027500 0.072667
99 0.429000 0.678000 0.041000 0.077333
99 0.476750 0.677333 0.043500 0.081333
306 0.516750 0.675333 0.037500 0.080000
306 0.543250 0.677333 0.031500 0.077333
325 0.578250 0.679000 0.029500 0.067333
146 0.605750 0.679000 0.027500 0.063333
355 0.644000 0.681000 0.030000 0.066000
355 0.675000 0.681000 0.031000 0.063333
136 0.702250 0.684000 0.031500 0.062667
136 0.732750 0.684000 0.031500 0.060000
136 0.754250 0.681000 0.029500 0.059333
136 0.782500 0.684000 0.028000 0.060000
87 0.814250 0.685000 0.024500 0.058000
87 0.837250 0.683667 0.028500 0.058000
259 0.873250 0.763000 0.030500 0.054000
259 0.849750 0.762000 0.031500 0.054667
266 0.817750 0.764000 0.032500 0.054667
266 0.787250 0.762000 0.031500 0.060000
266 0.752250 0.757333 0.027500 0.061333
56 0.727750 0.763000 0.030500 0.059333
56 0.675000 0.763000 0.031000 0.059333
169 0.637000 0.764000 0.035000 0.057333
169 0.602750 0.767000 0.031500 0.054000
32 0.569500 0.768000 0.030000 0.061333
32 0.540250 0.768000 0.030500 0.062667
106 0.500250 0.767000 0.027500 0.066000
137 0.417250 0.770667 0.027500 0.061333
171 0.324500 0.787667 0.030000 0.070000
171 0.291250 0.789333 0.037500 0.070667
171 0.237750 0.793333 0.034500 0.072000
171 0.270750 0.787667 0.032500 0.070000
171 0.297250 0.867667 0.032500 0.076667
171 0.326500 0.867667 0.030000 0.070000
171 0.240500 0.885333 0.039000 0.093333
100 0.199250 0.882000 0.040500 0.086667
100 0.173000 0.877333 0.035000 0.086667
339 0.351000 0.491667 0.052000 0.039333
339 0.400250 0.492333 0.051500 0.038000
225 0.447000 0.490000 0.047000 0.038667
71 0.489500 0.489333 0.045000 0.045333
19 0.533000 0.486000 0.037000 0.045333
309 0.826500 0.614333 0.060000 0.034000
173 0.878000 0.612667 0.047000 0.036000
297 0.777250 0.617000 0.038500 0.028667
83 0.738000 0.614667 0.034000 0.033333
215 0.696750 0.612333 0.032500 0.038000
83 0.663250 0.614000 0.029500 0.041333
325 0.620000 0.686000 0.024000 0.068000
65 0.657000 0.868000 0.025000 0.070667
65 0.633250 0.874333 0.022500 0.078000
282 0.535250 0.889667 0.051500 0.063333
282 0.488000 0.893667 0.040000 0.055333
282 0.444000 0.889000 0.048000 0.076667
282 0.395250 0.882667 0.045500 0.084000
171 0.268750 0.872333 0.025500 0.070000
355 0.723250 0.865667 0.033500 0.088667
355 0.688500 0.867000 0.030000 0.087333
124 0.798500 0.869667 0.030000 0.076667
298 0.834750 0.865333 0.034500 0.069333
355 0.870000 0.874333 0.034000 0.078000
229 0.765750 0.868000 0.050500 0.094667
210 0.436000 0.345667 0.029000 0.063333
49 0.183500 0.474333 0.025000 0.091333
49 0.155000 0.474667 0.033000 0.082667
353 0.132000 0.597000 0.035000 0.090000
247 0.097750 0.599667 0.034500 0.078000
292 0.393500 0.780000 0.024000 0.049333
111 0.444250 0.763333 0.022500 0.054667
111 0.469000 0.771667 0.026000 0.060667
174 0.871000 0.670333 0.045000 0.031333
174 0.870000 0.698000 0.043000 0.026667
173 0.732750 0.498333 0.046500 0.035333
46 0.781250 0.498333 0.049500 0.034000
287 0.829750 0.497667 0.052500 0.038000
173 0.885000 0.492667 0.059000 0.034667
173 0.887500 0.525000 0.051000 0.034000
287 0.830750 0.527667 0.049500 0.028667
46 0.780750 0.529000 0.047500 0.027333
45 0.732500 0.529000 0.046000 0.027333
122 0.672250 0.415333 0.043500 0.032000
122 0.672250 0.443333 0.041500 0.024000
355 0.715000 0.411333 0.044000 0.034667
355 0.718250 0.441333 0.047500 0.028000
355 0.768000 0.442000 0.046000 0.025333
355 0.765000 0.412667 0.053000 0.036000
189 0.816750 0.411667 0.051500 0.034000
89 0.818250 0.440667 0.049500 0.026667
100 0.138750 0.898000 0.031500 0.068000
100 0.107000 0.898000 0.027000 0.076000
