214 0.501240 0.054563 0.082341 0.109127
214 0.562872 0.054563 0.075645 0.109127
268 0.718998 0.073909 0.054563 0.071098
268 0.759177 0.081845 0.054563 0.058532
315 0.872396 0.058366 0.077133 0.116733
315 0.934896 0.058366 0.078621 0.116733
260 0.905630 0.302414 0.071181 0.111442
260 0.835317 0.303406 0.064980 0.114749
201 0.781498 0.304398 0.062500 0.111442
201 0.734747 0.304398 0.065228 0.111442
261 0.605779 0.201885 0.054315 0.092262
61 0.647817 0.206680 0.054563 0.078042
261 0.604787 0.297619 0.077133 0.123016
61 0.679067 0.298611 0.074405 0.119709
117 0.744544 0.498843 0.065972 0.129299
47 0.690724 0.499669 0.076885 0.128968
78 0.625372 0.487103 0.077133 0.150794
164 0.557912 0.484127 0.087054 0.159392
330 0.476811 0.480159 0.087054 0.159392
108 0.403646 0.487930 0.087054 0.145172
262 0.330357 0.492890 0.076885 0.140542
336 0.264013 0.485119 0.078125 0.152778
50 0.193700 0.484127 0.085317 0.140873
85 0.512029 0.892361 0.080109 0.166997
85 0.575521 0.905919 0.069196 0.120040
305 0.872396 0.498843 0.074157 0.129299
305 0.815724 0.498843 0.076885 0.133267
268 0.719990 0.022156 0.042659 0.044312
53 0.423115 0.053571 0.106647 0.107143
53 0.359623 0.053571 0.106647 0.107143
29 0.260045 0.053571 0.116319 0.107143
29 0.152654 0.051753 0.127232 0.103505
35 0.653646 0.921627 0.093502 0.156746
35 0.720114 0.924272 0.093502 0.151455
34 0.159598 0.256944 0.108383 0.194444
34 0.251612 0.256944 0.104911 0.193122
191 0.349826 0.275959 0.100942 0.157077
130 0.446429 0.264220 0.097718 0.181217
30 0.537450 0.264054 0.092262 0.183532
218 0.192584 0.684854 0.101438 0.187169
218 0.276662 0.685185 0.100942 0.187169
181 0.365823 0.694610 0.089782 0.165675
181 0.447173 0.694940 0.086806 0.162368
97 0.533482 0.694279 0.086806 0.166336
342 0.619792 0.700893 0.092262 0.151124
342 0.700273 0.701224 0.094494 0.151124
194 0.778026 0.713955 0.073909 0.124339
75 0.845362 0.710483 0.071677 0.131944
7 0.427951 0.899967 0.087054 0.141865
7 0.351811 0.901786 0.079613 0.130291
205 0.266865 0.910880 0.098710 0.178241
205 0.184152 0.906415 0.098462 0.187169
15 0.792783 0.938161 0.067708 0.123677
15 0.822545 0.931713 0.089038 0.136574
235 0.096602 0.946594 0.079613 0.095569
33 0.032366 0.943618 0.057788 0.112765
271 0.053447 0.758598 0.055804 0.055556
233 0.092510 0.644015 0.056548 0.070437
233 0.043527 0.641204 0.039931 0.076058
250 0.019345 0.561012 0.036706 0.064484
233 0.082341 0.557374 0.038690 0.070437
233 0.120784 0.562665 0.031250 0.067791
355 0.020213 0.467427 0.039931 0.098214
355 0.091270 0.486442 0.098214 0.069444
52 0.061508 0.185681 0.069444 0.081680
11 0.044767 0.046958 0.086558 0.093915
