62 0.197181 0.951009 0.103186 0.089518
246 0.362132 0.955892 0.081618 0.086914
246 0.440319 0.951009 0.081618 0.091471
246 0.524387 0.951009 0.076225 0.091471
243 0.636520 0.956868 0.137255 0.083008
33 0.871936 0.955566 0.115931 0.088867
235 0.876838 0.829915 0.082598 0.071940
235 0.878799 0.750814 0.086029 0.047852
132 0.803676 0.762533 0.061765 0.071940
271 0.745098 0.765462 0.061765 0.070638
132 0.674755 0.763509 0.072059 0.070638
132 0.598529 0.761556 0.069608 0.070638
132 0.520466 0.762533 0.076225 0.071940
86 0.440319 0.760579 0.078186 0.070638
86 0.357353 0.756673 0.079902 0.070638
329 0.277206 0.805501 0.083824 0.146159
329 0.185417 0.805501 0.088971 0.146159
86 0.355392 0.834798 0.089706 0.080404
86 0.441176 0.834798 0.080392 0.080404
132 0.519485 0.834798 0.078186 0.076497
132 0.600368 0.834798 0.077206 0.079102
132 0.674632 0.834798 0.077206 0.069987
271 0.742034 0.834798 0.069853 0.068685
271 0.804657 0.831868 0.061765 0.068685
271 0.812377 0.762533 0.063480 0.072591
349 0.880637 0.661947 0.079902 0.068685
349 0.827083 0.659993 0.069853 0.072591
296 0.758578 0.659017 0.065686 0.080404
296 0.697181 0.659017 0.068382 0.080404
109 0.630760 0.654134 0.058578 0.083659
109 0.566299 0.655111 0.060539 0.080404
143 0.479289 0.659993 0.107598 0.071940
21 0.396446 0.643392 0.048775 0.112956
21 0.344608 0.643392 0.048529 0.117513
21 0.302574 0.643392 0.048775 0.117513
38 0.253799 0.645345 0.048775 0.117513
307 0.637868 0.050944 0.051225 0.101888
307 0.682108 0.052734 0.046078 0.105469
280 0.580270 0.057780 0.042892 0.078451
280 0.539828 0.058431 0.034559 0.066732
239 0.775368 0.068197 0.039951 0.087565
239 0.811397 0.069661 0.043873 0.089193
239 0.851103 0.073079 0.041912 0.087565
11 0.900490 0.065267 0.103431 0.114258
52 0.884436 0.215983 0.073284 0.055664
233 0.865074 0.434570 0.064951 0.072266
233 0.890196 0.497396 0.038235 0.072266
233 0.850000 0.499674 0.051961 0.067708
233 0.804534 0.499186 0.057108 0.068034
82 0.525123 0.492839 0.048284 0.070964
82 0.531863 0.424805 0.049510 0.076823
82 0.578799 0.496745 0.050245 0.063802
82 0.579534 0.430176 0.050735 0.074544
82 0.619730 0.429525 0.032598 0.074544
82 0.625490 0.496745 0.042647 0.065755
250 0.671324 0.496419 0.048529 0.069010
250 0.681127 0.426921 0.052451 0.073893
250 0.717525 0.499023 0.050245 0.065755
250 0.726593 0.429036 0.039951 0.074870
207 0.168750 0.405599 0.060539 0.071615
207 0.242892 0.405924 0.069608 0.076172
207 0.234436 0.482747 0.074755 0.083333
207 0.162990 0.480469 0.076961 0.085938
236 0.309436 0.485352 0.074755 0.076823
236 0.377696 0.487467 0.061765 0.075195
236 0.450980 0.488281 0.069608 0.077474
92 0.151348 0.297689 0.037500 0.076497
92 0.196078 0.295573 0.053431 0.083333
345 0.250858 0.305176 0.042892 0.069987
345 0.295098 0.299642 0.050490 0.084310
38 0.165074 0.647461 0.048284 0.113932
38 0.207843 0.649414 0.043137 0.109375
264 0.155025 0.163086 0.068382 0.087891
264 0.219240 0.167643 0.064461 0.084635
265 0.282108 0.170736 0.061765 0.084961
265 0.342402 0.172852 0.063725 0.085938
217 0.407108 0.169434 0.063235 0.099284
217 0.469118 0.172363 0.062255 0.098633
157 0.486152 0.047363 0.065441 0.094076
284 0.417770 0.044271 0.065931 0.088542
204 0.352206 0.041992 0.067647 0.083333
204 0.292034 0.039714 0.072304 0.079427
73 0.182108 0.037435 0.136765 0.074219
