1 0.025132 0.093378 0.049603 0.043899
1 0.076885 0.096354 0.062500 0.055804
65 0.143519 0.071925 0.081349 0.107639
65 0.217593 0.069072 0.078042 0.112847
352 0.879795 0.199777 0.079696 0.084573
177 0.799769 0.200769 0.079696 0.088046
355 0.716766 0.206721 0.071759 0.077629
355 0.650298 0.208705 0.070437 0.077629
355 0.577050 0.209697 0.070106 0.077629
89 0.500827 0.211558 0.084987 0.072917
215 0.409888 0.219370 0.085648 0.061260
20 0.329861 0.224206 0.080357 0.060020
20 0.250827 0.224330 0.085648 0.055804
19 0.149306 0.219370 0.106812 0.074653
87 0.279762 0.345114 0.091270 0.055804
174 0.390542 0.344370 0.120370 0.055804
174 0.392361 0.298487 0.106812 0.038938
297 0.523313 0.302331 0.118717 0.047123
297 0.523148 0.344370 0.130291 0.048363
46 0.644345 0.344370 0.108796 0.043403
46 0.654101 0.302455 0.121032 0.049851
46 0.779101 0.300471 0.123677 0.050843
334 0.876819 0.319072 0.079696 0.083581
46 0.794808 0.344370 0.113426 0.042411
173 0.712632 0.464534 0.102513 0.045635
173 0.831845 0.425471 0.135913 0.048363
173 0.830853 0.469370 0.122024 0.042907
309 0.602348 0.430308 0.113426 0.044643
309 0.603340 0.469370 0.110119 0.043403
192 0.196263 0.469246 0.079696 0.073909
192 0.130787 0.461558 0.079696 0.077877
142 0.039848 0.465402 0.079696 0.075645
27 0.320271 0.571925 0.106812 0.055556
189 0.404266 0.581597 0.106812 0.043155
355 0.506614 0.548487 0.096561 0.036954
355 0.504299 0.582589 0.096561 0.044147
355 0.609127 0.546503 0.102513 0.038938
355 0.608135 0.574777 0.099868 0.038938
355 0.712798 0.544519 0.109458 0.036954
355 0.710648 0.574901 0.102513 0.042163
355 0.810351 0.544519 0.113426 0.036954
355 0.812335 0.581721 0.113426 0.038938
56 0.808532 0.668527 0.102513 0.079117
56 0.750827 0.665551 0.080357 0.076141
56 0.684358 0.664683 0.079034 0.076389
169 0.603340 0.669643 0.085648 0.067956
169 0.515377 0.669519 0.085648 0.065228
169 0.441303 0.668651 0.085648 0.067956
32 0.356316 0.664683 0.075066 0.072917
32 0.296792 0.664683 0.071759 0.067956
340 0.203042 0.680308 0.093254 0.086806
340 0.112103 0.682292 0.093254 0.088294
63 0.031085 0.686136 0.062169 0.087550
298 0.441303 0.759301 0.093585 0.072173
298 0.523313 0.759301 0.070437 0.073165
298 0.593750 0.759301 0.071759 0.073165
259 0.666832 0.764261 0.068452 0.065228
259 0.737103 0.767237 0.070106 0.065724
259 0.802579 0.768229 0.071429 0.061756
282 0.523313 0.903894 0.088955 0.093502
282 0.435516 0.912698 0.095899 0.079365
171 0.146329 0.900050 0.063823 0.067956
171 0.085813 0.898065 0.079696 0.067956
171 0.028108 0.900050 0.056217 0.065972
171 0.025132 0.813120 0.050265 0.064732
171 0.076885 0.812128 0.063823 0.074157
171 0.138558 0.810144 0.070106 0.070685
355 0.381779 0.766245 0.063823 0.068204
54 0.718585 0.886409 0.093254 0.096230
54 0.796792 0.895213 0.079696 0.109871
355 0.317130 0.763393 0.062831 0.077381
282 0.477844 0.851811 0.097884 0.051835
54 0.624504 0.899058 0.089616 0.088790
325 0.221561 0.574901 0.057540 0.074901
325 0.170635 0.577629 0.048280 0.081845
178 0.109292 0.572049 0.061839 0.090526
178 0.051422 0.573909 0.063823 0.092758
71 0.051918 0.219246 0.095899 0.071925
122 0.278108 0.439360 0.101190 0.042907
122 0.374339 0.439360 0.098545 0.043403
122 0.375496 0.475694 0.096230 0.031250
122 0.278935 0.475322 0.093585 0.032490
173 0.483796 0.433780 0.111111 0.043155
45 0.484954 0.472346 0.108135 0.034474
