23 0.960270 0.039855 0.079459 0.079710
342 0.794167 0.220612 0.097210 0.152979
342 0.699070 0.214171 0.111581 0.161031
181 0.592984 0.196860 0.127642 0.194042
181 0.458157 0.185588 0.143702 0.210145
97 0.307270 0.179952 0.173288 0.219807
97 0.147506 0.163849 0.183432 0.240741
162 0.448436 0.454911 0.166526 0.186795
162 0.551986 0.455314 0.128487 0.165056
130 0.661031 0.435990 0.118343 0.174718
130 0.757396 0.429147 0.109890 0.164251
30 0.830516 0.424316 0.087067 0.152979
30 0.904903 0.419082 0.090448 0.145733
121 0.967033 0.413043 0.065934 0.138486
29 0.935334 0.595411 0.081995 0.134461
29 0.867287 0.602254 0.104818 0.164251
75 0.773457 0.632850 0.077768 0.133655
75 0.702029 0.650966 0.090448 0.139291
194 0.618343 0.672705 0.087067 0.142512
194 0.535926 0.687601 0.099746 0.152979
289 0.427726 0.700886 0.128487 0.182770
289 0.284024 0.728261 0.148774 0.202093
289 0.128487 0.763285 0.174134 0.225443
218 0.286982 0.929549 0.166526 0.140902
218 0.431107 0.907810 0.136940 0.184380
205 0.551564 0.891304 0.127642 0.217391
205 0.658073 0.865137 0.127642 0.240741
205 0.749789 0.827697 0.094675 0.202899
34 0.827557 0.818438 0.104818 0.189211
34 0.894336 0.802738 0.077768 0.161031
34 0.957312 0.776973 0.081995 0.152979
218 0.134827 0.948873 0.186813 0.102254
53 0.290786 0.478261 0.153846 0.188406
53 0.124260 0.489130 0.191040 0.208535
