73 0.225446 0.187335 0.059524 0.080357
73 0.281126 0.188327 0.066716 0.081019
204 0.341642 0.191138 0.060764 0.078704
204 0.399182 0.196263 0.061756 0.077712
204 0.341642 0.121858 0.059772 0.066468
73 0.400670 0.114583 0.055804 0.043981
157 0.454985 0.109292 0.054812 0.063161
284 0.510665 0.128638 0.053571 0.076058
157 0.457713 0.037202 0.055804 0.074405
284 0.512525 0.202050 0.051835 0.068783
280 0.550595 0.212632 0.029266 0.060185
280 0.576141 0.213790 0.029266 0.056548
217 0.617063 0.310351 0.050595 0.066468
217 0.567336 0.316303 0.051835 0.068452
265 0.512525 0.313327 0.050843 0.063823
265 0.461806 0.311508 0.051587 0.068783
73 0.407118 0.309524 0.052827 0.068783
264 0.352307 0.307540 0.052827 0.068783
315 0.166915 0.324074 0.060516 0.093915
59 0.109251 0.324074 0.057788 0.092593
59 0.050595 0.318122 0.063492 0.097884
117 0.049727 0.466601 0.068204 0.097884
117 0.106275 0.467593 0.068204 0.101190
355 0.172743 0.467593 0.068204 0.099868
92 0.251736 0.539848 0.043651 0.053241
92 0.288938 0.539848 0.045635 0.064484
212 0.389509 0.547619 0.043899 0.060185
212 0.429563 0.547619 0.036210 0.060185
345 0.465650 0.542824 0.036954 0.056548
345 0.499876 0.542824 0.034474 0.056548
38 0.636533 0.534061 0.039435 0.088624
38 0.693204 0.535053 0.041171 0.086640
239 0.832961 0.221396 0.045883 0.088955
239 0.860243 0.224537 0.042907 0.086640
239 0.777282 0.227348 0.036706 0.069114
307 0.742063 0.227348 0.036706 0.069114
307 0.697049 0.220569 0.041419 0.076058
307 0.662078 0.218585 0.036458 0.076058
52 0.820188 0.335648 0.051587 0.054233
52 0.781126 0.335648 0.045883 0.054233
333 0.794519 0.421627 0.052331 0.069444
333 0.836434 0.423280 0.053323 0.069444
207 0.594990 0.622024 0.051091 0.055556
207 0.594866 0.673942 0.041915 0.054894
12 0.631820 0.666997 0.035466 0.056217
82 0.673239 0.626157 0.040427 0.057209
82 0.675471 0.672288 0.032490 0.043651
250 0.709573 0.623181 0.033234 0.057209
250 0.708457 0.670800 0.030506 0.044643
233 0.759177 0.623512 0.045635 0.057209
233 0.789807 0.664683 0.040427 0.054233
233 0.755208 0.669643 0.040675 0.044312
86 0.513393 0.735119 0.056548 0.042328
86 0.572669 0.746362 0.062004 0.062169
86 0.562252 0.790179 0.043155 0.036045
86 0.521205 0.782573 0.039435 0.053241
132 0.662202 0.742890 0.049603 0.047288
132 0.658110 0.783234 0.032986 0.040675
271 0.630828 0.783234 0.027530 0.040675
21 0.702629 0.771164 0.028770 0.069444
21 0.732515 0.749173 0.027530 0.064484
329 0.281250 0.770999 0.059028 0.098214
329 0.337550 0.776786 0.057044 0.087963
132 0.397073 0.794643 0.055556 0.033069
132 0.388889 0.744874 0.059524 0.052579
132 0.448413 0.743386 0.058036 0.054894
132 0.451265 0.791171 0.054315 0.040675
296 0.279514 0.658730 0.049603 0.046958
109 0.324901 0.669478 0.050099 0.054563
109 0.375124 0.668816 0.051835 0.055225
349 0.425471 0.666336 0.047867 0.053571
349 0.475694 0.664187 0.048115 0.057870
75 0.024678 0.616071 0.048859 0.103836
75 0.076885 0.615245 0.087798 0.102183
223 0.151910 0.614749 0.056300 0.104497
223 0.202505 0.613591 0.045883 0.102183
164 0.059400 0.755291 0.088046 0.096561
35 0.121156 0.757275 0.051339 0.099868
35 0.171503 0.760582 0.063244 0.107143
243 0.587922 0.877646 0.092510 0.050265
243 0.590154 0.912368 0.068204 0.038360
246 0.445188 0.875661 0.046627 0.048280
246 0.397197 0.875827 0.051339 0.048611
62 0.330233 0.895503 0.058780 0.105820
109 0.291543 0.869874 0.038938 0.053241
96 0.664062 0.896495 0.039435 0.050926
208 0.709325 0.904762 0.049107 0.049603
235 0.763145 0.884590 0.059028 0.087302
8 0.856523 0.880952 0.082093 0.081349
