191 0.097917 0.080859 0.158333 0.161719
191 0.232292 0.075391 0.156250 0.150781
29 0.372917 0.075391 0.152083 0.150781
29 0.506771 0.073047 0.161458 0.146094
53 0.655729 0.084766 0.148958 0.122656
53 0.798958 0.075391 0.160417 0.138281
164 0.948438 0.070312 0.103125 0.140625
201 0.957812 0.218750 0.084375 0.096875
201 0.878646 0.225391 0.092708 0.085156
61 0.798438 0.222656 0.098958 0.093750
61 0.705729 0.224609 0.096875 0.091406
315 0.610938 0.216797 0.096875 0.099219
315 0.515625 0.214062 0.097917 0.087500
315 0.435417 0.216797 0.087500 0.080469
75 0.114062 0.333203 0.132292 0.117969
194 0.230208 0.333203 0.129167 0.117969
330 0.350000 0.329297 0.125000 0.122656
330 0.434375 0.337891 0.079167 0.108594
78 0.701562 0.357422 0.107292 0.107031
47 0.795312 0.357422 0.101042 0.103906
305 0.900000 0.355469 0.114583 0.106250
50 0.911979 0.491016 0.101042 0.113281
50 0.814063 0.492969 0.113542 0.118750
50 0.702604 0.490234 0.117708 0.121094
197 0.570833 0.492188 0.143750 0.123438
30 0.390104 0.480469 0.138542 0.148438
130 0.256250 0.485156 0.145833 0.143750
130 0.116667 0.485156 0.145833 0.143750
218 0.136458 0.669141 0.145833 0.169531
218 0.265625 0.669141 0.137500 0.174219
34 0.394271 0.665234 0.140625 0.177344
34 0.525000 0.673828 0.139583 0.161719
181 0.656250 0.673828 0.135417 0.161719
97 0.804167 0.681641 0.154167 0.161719
342 0.931250 0.683594 0.137500 0.153125
205 0.138021 0.867188 0.148958 0.184375
7 0.508333 0.865234 0.114583 0.066406
7 0.406250 0.872266 0.160417 0.132031
85 0.614583 0.803516 0.139583 0.050781
85 0.745313 0.821484 0.157292 0.091406
221 0.882292 0.833984 0.160417 0.119531
214 0.609896 0.339844 0.101042 0.104688
214 0.515104 0.339062 0.101042 0.104688
205 0.277083 0.885938 0.154167 0.210938
268 0.081771 0.235156 0.073958 0.040625
268 0.145313 0.235547 0.059375 0.038281
221 0.959375 0.855078 0.077083 0.099219
