29 0.066129 0.088378 0.132258 0.176755
130 0.203226 0.098063 0.180645 0.184019
130 0.336290 0.116223 0.153226 0.176755
75 0.447581 0.147094 0.117742 0.127119
75 0.547581 0.164649 0.111290 0.128329
75 0.631452 0.176150 0.108065 0.119855
194 0.715323 0.185230 0.104839 0.116223
194 0.788710 0.196731 0.103226 0.112591
194 0.862903 0.202785 0.100000 0.107748
47 0.124194 0.319613 0.129032 0.116223
47 0.216129 0.322034 0.116129 0.116223
305 0.320968 0.328087 0.116129 0.113801
164 0.373387 0.500000 0.120968 0.128329
164 0.266129 0.501211 0.129032 0.135593
53 0.113710 0.498789 0.169355 0.145278
181 0.104839 0.677361 0.158065 0.158596
181 0.234677 0.668281 0.143548 0.145278
181 0.348387 0.653753 0.141935 0.145278
305 0.410484 0.331719 0.101613 0.104116
117 0.494355 0.335351 0.101613 0.099274
117 0.572581 0.340194 0.093548 0.096852
78 0.638710 0.344431 0.083871 0.093220
78 0.708871 0.346852 0.101613 0.093220
315 0.775806 0.356538 0.074194 0.076271
315 0.828226 0.358354 0.069355 0.075061
260 0.458065 0.443705 0.090323 0.083535
260 0.529032 0.444310 0.083871 0.082324
61 0.592742 0.444310 0.085484 0.079903
61 0.652419 0.446126 0.072581 0.076271
201 0.711290 0.446126 0.077419 0.076271
201 0.766935 0.446126 0.072581 0.073850
201 0.823387 0.446126 0.072581 0.071429
261 0.443548 0.551453 0.061290 0.081114
261 0.511290 0.552663 0.090323 0.078692
261 0.578226 0.550847 0.082258 0.077482
268 0.766129 0.544189 0.061290 0.069007
268 0.797581 0.557506 0.050000 0.037530
268 0.799194 0.529056 0.043548 0.038741
214 0.560484 0.654964 0.088710 0.092010
214 0.628226 0.649516 0.075806 0.088378
186 0.750806 0.659201 0.050000 0.039952
268 0.787903 0.657385 0.056452 0.038741
268 0.789516 0.630145 0.050000 0.039952
268 0.722581 0.634383 0.048387 0.036320
268 0.757258 0.645884 0.037097 0.013317
205 0.079839 0.889831 0.146774 0.200969
205 0.210484 0.866828 0.140323 0.198547
35 0.327419 0.857748 0.112903 0.163438
35 0.410484 0.845036 0.124194 0.154964
