68 0.349578 0.248016 0.045883 0.082011
68 0.312376 0.244874 0.042907 0.077712
307 0.404142 0.239914 0.045883 0.056548
307 0.440352 0.240079 0.039435 0.058201
307 0.478423 0.241898 0.039187 0.056548
307 0.482391 0.164021 0.039187 0.097222
307 0.440352 0.161045 0.040923 0.103175
307 0.402282 0.161045 0.043651 0.109127
188 0.526166 0.252811 0.045883 0.083003
188 0.568204 0.252811 0.043651 0.083003
188 0.605407 0.252811 0.043651 0.081680
280 0.648313 0.249835 0.042659 0.088294
280 0.680556 0.258598 0.034226 0.073413
280 0.724454 0.251819 0.051587 0.088294
239 0.782118 0.247851 0.054315 0.092262
239 0.830977 0.245040 0.049851 0.097884
239 0.872892 0.248016 0.045883 0.097884
239 0.903150 0.249835 0.051835 0.095569
239 0.844618 0.135582 0.054812 0.108466
239 0.801711 0.132606 0.057292 0.119709
239 0.882688 0.154101 0.054067 0.095238
38 0.979291 0.436343 0.038442 0.104167
38 0.931548 0.429563 0.068452 0.072751
3 0.866071 0.429398 0.077877 0.073082
355 0.786954 0.368882 0.063492 0.049272
355 0.784970 0.419808 0.053571 0.047288
355 0.728423 0.417824 0.053571 0.047950
355 0.685392 0.417824 0.050843 0.047950
355 0.730283 0.463624 0.051835 0.041667
355 0.786954 0.466601 0.051587 0.037698
355 0.682416 0.463624 0.051835 0.041667
243 0.448041 0.390873 0.107887 0.058862
243 0.447917 0.444114 0.105159 0.058862
66 0.539931 0.397983 0.075397 0.063161
66 0.539931 0.449074 0.071925 0.042328
66 0.614583 0.354332 0.076885 0.037368
66 0.614583 0.399967 0.077381 0.062500
66 0.614583 0.450893 0.076885 0.045304
12 0.445312 0.595569 0.058780 0.072751
12 0.449653 0.531911 0.054067 0.065146
12 0.500992 0.532242 0.053075 0.065807
12 0.500496 0.595403 0.051091 0.070437
207 0.558160 0.533896 0.058284 0.069114
207 0.559028 0.598710 0.056548 0.067130
207 0.613343 0.599868 0.057540 0.068122
207 0.609995 0.534888 0.058780 0.071098
233 0.667039 0.543485 0.043899 0.069114
233 0.746032 0.547619 0.053571 0.071429
233 0.661830 0.599868 0.037450 0.050926
233 0.699529 0.601521 0.047867 0.051587
233 0.734003 0.604332 0.031994 0.048611
250 0.820312 0.550595 0.053819 0.059524
250 0.860367 0.549272 0.063988 0.057540
250 0.778770 0.608300 0.041171 0.051257
250 0.825769 0.616071 0.046379 0.040344
250 0.879712 0.539021 0.024802 0.040344
250 0.940972 0.614914 0.093254 0.041997
250 0.951761 0.550430 0.071181 0.062500
250 0.912574 0.535053 0.036954 0.060185
39 0.799479 0.722884 0.042907 0.077381
39 0.837922 0.717097 0.044395 0.089616
21 0.885417 0.710813 0.047123 0.088955
21 0.924107 0.717923 0.055060 0.093254
21 0.966642 0.728505 0.060764 0.094577
132 0.816344 0.824074 0.071181 0.064815
132 0.817088 0.870536 0.072669 0.049272
132 0.872644 0.864583 0.065724 0.061177
132 0.872272 0.813657 0.056548 0.041336
86 0.932168 0.867725 0.072669 0.063492
86 0.932168 0.812996 0.054812 0.039352
86 0.965650 0.846892 0.040923 0.035053
86 0.971974 0.812004 0.046627 0.040013
246 0.583457 0.799934 0.060268 0.039021
246 0.583457 0.845899 0.062252 0.062169
271 0.645585 0.855820 0.054067 0.075397
271 0.713790 0.859954 0.035218 0.062500
271 0.745040 0.861772 0.043155 0.061508
271 0.745164 0.810351 0.051339 0.040675
271 0.697793 0.807044 0.049355 0.039352
246 0.523313 0.801587 0.054563 0.047619
246 0.469122 0.799438 0.054812 0.049272
52 0.392361 0.714947 0.053571 0.058862
52 0.440972 0.720734 0.054067 0.056548
52 0.494668 0.724041 0.053819 0.059854
52 0.548115 0.724041 0.054563 0.057209
244 0.660218 0.738095 0.059524 0.060185
244 0.605283 0.733796 0.057788 0.064815
143 0.732887 0.745370 0.089782 0.054233
143 0.722842 0.692460 0.088542 0.058201
284 0.136657 0.817791 0.051091 0.080026
284 0.174355 0.814980 0.029266 0.068452
157 0.280506 0.817956 0.050099 0.103505
284 0.199529 0.975198 0.047371 0.045635
265 0.164311 0.969577 0.045883 0.056878
265 0.127728 0.969577 0.042659 0.056878
264 0.286582 0.976852 0.045883 0.039683
264 0.324157 0.979993 0.039187 0.034061
204 0.257440 0.960317 0.037698 0.045635
217 0.368428 0.941468 0.045883 0.066138
264 0.333209 0.916832 0.037946 0.051257
73 0.244544 0.825066 0.036706 0.049603
73 0.221354 0.799438 0.022569 0.040675
62 0.429191 0.958333 0.057292 0.082672
62 0.487475 0.958168 0.057292 0.083003
329 0.551091 0.964286 0.063492 0.071429
329 0.607887 0.958168 0.053571 0.083003
265 0.128472 0.905919 0.044147 0.068452
84 0.368056 0.846726 0.103175 0.049934
84 0.367436 0.798776 0.122768 0.050595
