151 0.109003 0.090608 0.054812 0.118386
151 0.148934 0.093419 0.046875 0.110119
314 0.294395 0.116898 0.062004 0.077050
325 0.342386 0.115906 0.035466 0.079696
178 0.378472 0.105985 0.037202 0.098876
325 0.412574 0.116898 0.030506 0.081680
325 0.441840 0.117725 0.033482 0.079365
111 0.479043 0.124669 0.034970 0.072090
324 0.520957 0.125661 0.037946 0.075397
142 0.564980 0.127646 0.041171 0.078042
222 0.607887 0.128638 0.037698 0.075397
196 0.644345 0.136905 0.036210 0.060185
1 0.679315 0.140212 0.042659 0.054894
292 0.724206 0.137401 0.037698 0.060516
292 0.757316 0.139385 0.033978 0.061839
46 0.782614 0.272156 0.035466 0.074074
87 0.745536 0.274967 0.042659 0.072421
46 0.710441 0.271164 0.034970 0.079365
355 0.675223 0.276124 0.037946 0.066799
309 0.641121 0.272156 0.035714 0.078042
297 0.607887 0.271164 0.034722 0.075397
45 0.573661 0.270172 0.034722 0.075397
173 0.535590 0.270172 0.037946 0.078042
287 0.499504 0.270172 0.033234 0.078042
174 0.466394 0.268188 0.034970 0.078042
103 0.433036 0.261409 0.033234 0.083003
225 0.404762 0.269345 0.031746 0.072421
103 0.370660 0.267361 0.035466 0.077712
200 0.324653 0.272156 0.054067 0.063492
344 0.263269 0.275132 0.061756 0.058201
272 0.184028 0.250661 0.047123 0.098545
272 0.109871 0.238922 0.053075 0.119378
304 0.340278 0.533896 0.047123 0.110119
304 0.380456 0.533896 0.047123 0.110119
63 0.297371 0.677414 0.040179 0.106812
63 0.263145 0.682374 0.047123 0.098876
171 0.223214 0.710648 0.047123 0.054894
25 0.381324 0.652116 0.043899 0.058201
25 0.368676 0.702877 0.054812 0.058532
339 0.424355 0.697917 0.054067 0.065807
339 0.431176 0.639385 0.052827 0.070437
259 0.480903 0.662864 0.038690 0.070437
259 0.521081 0.662698 0.042659 0.068122
32 0.559152 0.659888 0.037946 0.072421
32 0.594246 0.658896 0.041667 0.077712
136 0.631324 0.659888 0.037946 0.072421
136 0.662698 0.659888 0.037698 0.072421
56 0.693948 0.654101 0.039683 0.082011
56 0.736731 0.655919 0.044891 0.091601
56 0.775794 0.652943 0.039683 0.093585
298 0.742684 0.762401 0.042411 0.096230
298 0.707465 0.768188 0.040427 0.093915
266 0.669395 0.774140 0.039683 0.082011
266 0.631448 0.774140 0.039683 0.084656
320 0.590278 0.776124 0.047123 0.084656
320 0.543403 0.774140 0.044147 0.084656
171 0.209573 0.912698 0.047123 0.087302
171 0.246528 0.912698 0.045139 0.087302
171 0.288566 0.912864 0.031994 0.101521
100 0.326637 0.921627 0.050099 0.089947
100 0.378472 0.916667 0.047123 0.087302
100 0.429191 0.912864 0.050843 0.096892
40 0.477059 0.898148 0.036458 0.082011
40 0.506324 0.891369 0.035962 0.086971
40 0.543527 0.896164 0.035962 0.079365
40 0.578621 0.895172 0.031746 0.079365
352 0.745660 0.418485 0.037946 0.060516
341 0.126488 0.399306 0.064980 0.124008
341 0.182540 0.410218 0.043651 0.116733
340 0.242808 0.404431 0.057540 0.126984
141 0.295883 0.402778 0.040675 0.100529
141 0.337922 0.400298 0.042411 0.116733
347 0.387277 0.402943 0.045883 0.116071
100 0.435268 0.400298 0.041171 0.112103
282 0.487227 0.420966 0.048859 0.068783
282 0.538318 0.422454 0.048859 0.069775
282 0.594122 0.422619 0.048859 0.068783
28 0.778398 0.423446 0.025546 0.061177
27 0.491691 0.563657 0.062252 0.066468
27 0.555928 0.572751 0.059772 0.039683
184 0.598958 0.556713 0.034226 0.073743
184 0.628720 0.553075 0.030258 0.066468
215 0.679315 0.565807 0.040675 0.045635
89 0.727555 0.566634 0.041915 0.051918
89 0.764633 0.565311 0.033730 0.051257
171 0.171875 0.916005 0.037698 0.095238
147 0.492188 0.800926 0.063244 0.041005
