188 0.373016 0.295759 0.040344 0.058780
188 0.408069 0.341766 0.039683 0.041667
188 0.371858 0.341642 0.037368 0.038938
239 0.334821 0.330977 0.038690 0.050843
239 0.298611 0.330853 0.038360 0.051091
239 0.262566 0.333829 0.033730 0.047619
307 0.452877 0.341766 0.037368 0.041667
307 0.484127 0.341766 0.034392 0.041667
307 0.518353 0.341766 0.034061 0.041667
280 0.557540 0.341642 0.034392 0.040427
280 0.589616 0.341766 0.034392 0.041171
280 0.623843 0.341766 0.034061 0.041171
52 0.721561 0.344618 0.045635 0.031498
52 0.780093 0.344494 0.050265 0.034226
333 0.826058 0.341766 0.045635 0.037698
143 0.879630 0.350446 0.064153 0.027778
243 0.770337 0.398313 0.092262 0.030754
207 0.785053 0.495908 0.042328 0.037450
207 0.801587 0.496032 0.045635 0.034722
207 0.841601 0.494048 0.039683 0.033234
109 0.880622 0.496032 0.043651 0.033234
109 0.922619 0.496032 0.045635 0.034226
109 0.949074 0.526290 0.053571 0.030258
109 0.884590 0.526290 0.037698 0.030258
207 0.845569 0.528150 0.045635 0.033482
207 0.801587 0.529142 0.045635 0.033482
296 0.544808 0.534970 0.045966 0.034226
296 0.492890 0.536954 0.049272 0.035714
0 0.448909 0.536954 0.037368 0.034226
0 0.411872 0.536954 0.037368 0.035714
212 0.374835 0.537946 0.037368 0.037202
212 0.341766 0.540923 0.037368 0.035714
212 0.305390 0.543775 0.037368 0.033482
345 0.262566 0.543899 0.039683 0.034226
217 0.214286 0.297371 0.052249 0.045139
217 0.215112 0.337674 0.049934 0.037946
217 0.161872 0.291295 0.052579 0.043899
217 0.163360 0.334325 0.054233 0.043651
157 0.107639 0.333333 0.055225 0.045139
157 0.107143 0.289435 0.054894 0.045139
284 0.057374 0.295511 0.044643 0.033482
284 0.048942 0.332837 0.058201 0.045139
265 0.055721 0.453497 0.055886 0.039931
265 0.060681 0.413318 0.054563 0.042411
73 0.115079 0.451141 0.054233 0.042659
73 0.126323 0.413690 0.052910 0.041171
73 0.124339 0.388889 0.066138 0.011409
290 0.183697 0.389261 0.046627 0.010169
73 0.179233 0.414062 0.052249 0.041419
73 0.170966 0.453125 0.054894 0.037202
204 0.232804 0.452257 0.054233 0.036458
264 0.237599 0.413442 0.052579 0.041667
264 0.287037 0.412946 0.048942 0.041667
264 0.288194 0.451885 0.049934 0.036706
204 0.351852 0.414062 0.051587 0.040923
204 0.351852 0.451885 0.050265 0.035714
92 0.056548 0.551091 0.037698 0.033730
92 0.095403 0.549851 0.040013 0.033234
92 0.138228 0.549479 0.045635 0.032490
345 0.181052 0.548611 0.041997 0.030754
345 0.222553 0.548363 0.039683 0.030258
70 0.130787 0.621652 0.055886 0.049851
70 0.071429 0.621652 0.056878 0.049851
21 0.178737 0.617808 0.041997 0.056548
21 0.216601 0.616815 0.037698 0.054563
21 0.252811 0.615947 0.037368 0.052827
21 0.288194 0.615079 0.034722 0.051091
38 0.327546 0.609375 0.038029 0.054563
38 0.362765 0.609375 0.035714 0.054563
38 0.394511 0.608259 0.035714 0.052827
38 0.428902 0.608135 0.037037 0.052579
3 0.483300 0.608259 0.062500 0.046379
3 0.533896 0.606647 0.079034 0.043155
82 0.589782 0.609747 0.032738 0.031498
82 0.625000 0.608135 0.039021 0.032738
82 0.657738 0.606895 0.029101 0.031250
158 0.692295 0.574653 0.034061 0.031250
158 0.696429 0.604539 0.036376 0.030010
158 0.734458 0.604663 0.036376 0.029762
158 0.732308 0.577133 0.048611 0.028770
250 0.791336 0.571429 0.038360 0.030258
250 0.796958 0.600446 0.049603 0.030754
250 0.831349 0.602307 0.023148 0.026538
250 0.832837 0.574653 0.045966 0.032242
250 0.861607 0.597842 0.035384 0.033482
208 0.848380 0.644965 0.047288 0.035962
96 0.885582 0.641741 0.052910 0.034474
96 0.934193 0.640625 0.044312 0.032242
96 0.937169 0.671379 0.052910 0.033234
96 0.895999 0.673983 0.050595 0.033978
208 0.849372 0.677207 0.049272 0.030010
271 0.753638 0.651910 0.046958 0.035962
271 0.757110 0.680556 0.051257 0.029762
271 0.800099 0.679563 0.047288 0.031250
271 0.796131 0.649306 0.044643 0.031250
92 0.818452 0.648065 0.010582 0.028274
349 0.646329 0.654762 0.049272 0.032738
349 0.693783 0.653522 0.048942 0.030258
349 0.702381 0.684648 0.048942 0.034970
349 0.654597 0.686260 0.057870 0.036706
101 0.721726 0.653398 0.010251 0.030010
66 0.503638 0.676959 0.066138 0.031994
66 0.504464 0.701513 0.063161 0.026042
86 0.368056 0.670139 0.065476 0.034226
86 0.368717 0.700893 0.066799 0.038690
86 0.432540 0.696181 0.061508 0.040179
62 0.237765 0.695809 0.066138 0.066716
62 0.301918 0.695437 0.062169 0.063988
329 0.087467 0.717882 0.085648 0.043403
329 0.163360 0.711186 0.072751 0.046379
246 0.265046 0.809648 0.074405 0.040427
246 0.261574 0.771949 0.071429 0.042907
246 0.332011 0.767113 0.071429 0.042659
246 0.332507 0.806796 0.072421 0.044643
246 0.398810 0.758929 0.066799 0.038690
246 0.402447 0.779390 0.066799 0.012649
246 0.403274 0.803447 0.067791 0.041419
84 0.502646 0.760789 0.129630 0.040923
84 0.505456 0.796751 0.130622 0.042907
132 0.601521 0.785838 0.067460 0.040427
132 0.589286 0.731523 0.054233 0.026042
132 0.645833 0.728795 0.055556 0.026538
132 0.670139 0.781622 0.066468 0.041915
235 0.738426 0.762277 0.064153 0.056796
8 0.800099 0.740947 0.057209 0.036954
8 0.802083 0.770337 0.061177 0.033234
33 0.861772 0.754588 0.068783 0.063740
33 0.919312 0.752108 0.068122 0.059276
152 0.564319 0.695809 0.041336 0.030010
152 0.609127 0.695188 0.040344 0.027282
12 0.739087 0.501612 0.049603 0.035466
12 0.738757 0.531374 0.048942 0.030506
12 0.695602 0.531870 0.048611 0.032490
12 0.687004 0.500992 0.046627 0.035218
236 0.637731 0.503472 0.053241 0.038194
236 0.595238 0.534970 0.052249 0.031250
236 0.587467 0.503968 0.042659 0.033234
236 0.645668 0.534722 0.051918 0.031250
243 0.764054 0.427207 0.092262 0.027530
243 0.764054 0.450025 0.092262 0.020585
