304 0.140503 0.040705 0.128361 0.081410
347 0.277971 0.040705 0.134432 0.081410
348 0.398959 0.038462 0.109280 0.076923
348 0.500434 0.038462 0.114484 0.076923
1 0.938855 0.035577 0.075455 0.071154
178 0.883348 0.192949 0.103209 0.142308
178 0.791414 0.192628 0.101474 0.140385
146 0.703382 0.206410 0.071119 0.114103
146 0.639202 0.206410 0.071119 0.112821
106 0.555507 0.204487 0.071986 0.115385
306 0.477016 0.185897 0.104076 0.151282
306 0.372507 0.185897 0.137901 0.151282
144 0.258456 0.195833 0.109280 0.128846
144 0.161752 0.207372 0.124024 0.096795
219 0.208153 0.511218 0.102342 0.119872
219 0.284475 0.512821 0.097138 0.124359
160 0.370772 0.518910 0.085863 0.119872
160 0.443625 0.518910 0.089332 0.119872
304 0.533391 0.520833 0.091934 0.133974
304 0.612749 0.527564 0.091067 0.119231
49 0.702515 0.527885 0.104076 0.137821
347 0.793582 0.524679 0.102342 0.151923
151 0.885516 0.524679 0.102342 0.158333
151 0.957502 0.533654 0.084996 0.145513
225 0.925846 0.368590 0.096271 0.107692
200 0.812229 0.383013 0.120555 0.078846
200 0.705551 0.381090 0.113617 0.077564
103 0.605811 0.368590 0.092801 0.096154
103 0.530789 0.366346 0.093669 0.096795
344 0.429315 0.375321 0.117953 0.077564
344 0.318734 0.373397 0.113617 0.077564
63 0.387251 0.665385 0.085863 0.119231
63 0.461405 0.666346 0.079792 0.109615
63 0.530789 0.672115 0.091934 0.119872
141 0.608846 0.669231 0.081526 0.119231
141 0.686036 0.676923 0.102342 0.124359
89 0.846487 0.668269 0.102342 0.078846
189 0.945360 0.667308 0.109280 0.079487
259 0.883348 0.817628 0.092801 0.090385
56 0.957502 0.818590 0.084996 0.092308
272 0.249783 0.671795 0.055507 0.100000
272 0.311362 0.669551 0.065915 0.110897
184 0.771032 0.706090 0.053773 0.081410
89 0.848656 0.724359 0.085863 0.057692
304 0.179098 0.353205 0.137901 0.138462
292 0.978317 0.221795 0.038161 0.079487
171 0.802255 0.925641 0.060711 0.073077
171 0.873807 0.932372 0.065048 0.077564
171 0.945360 0.937179 0.064180 0.083333
171 0.991327 0.942628 0.017346 0.076282
