53 0.342758 0.229415 0.137235 0.110615
53 0.438492 0.237227 0.109788 0.103919
261 0.849537 0.361235 0.051587 0.059276
261 0.808366 0.362227 0.040675 0.062252
201 0.771329 0.360243 0.053902 0.068204
201 0.726521 0.362227 0.050926 0.064236
201 0.678571 0.361235 0.057540 0.064236
61 0.616071 0.362227 0.057540 0.063740
61 0.568287 0.363095 0.057209 0.062500
117 0.569279 0.452133 0.077712 0.072421
117 0.638558 0.449157 0.074735 0.072421
305 0.701058 0.445312 0.065476 0.067708
305 0.750992 0.443328 0.061508 0.065724
78 0.792824 0.440352 0.052579 0.066220
78 0.836806 0.439360 0.052579 0.064236
194 0.825231 0.527158 0.077712 0.078125
194 0.762566 0.529142 0.065476 0.077629
75 0.711806 0.536086 0.066468 0.074653
75 0.649306 0.542907 0.077712 0.082341
164 0.566303 0.545759 0.078373 0.094990
330 0.397321 0.567336 0.099537 0.093006
330 0.318287 0.570312 0.114749 0.097470
108 0.208829 0.578993 0.114087 0.107887
108 0.125000 0.585813 0.108466 0.110615
34 0.328042 0.683408 0.108466 0.124256
34 0.426587 0.677703 0.105820 0.125744
181 0.523479 0.669891 0.105820 0.122024
181 0.609292 0.660094 0.088294 0.110863
97 0.686343 0.651290 0.084987 0.105655
342 0.754795 0.641493 0.081019 0.094990
342 0.815311 0.631696 0.085648 0.093254
7 0.381779 0.847470 0.091601 0.101190
7 0.432540 0.834945 0.099206 0.106399
85 0.597553 0.782118 0.099206 0.088046
221 0.675761 0.773438 0.051257 0.105903
35 0.731316 0.769345 0.099537 0.119544
15 0.797784 0.770461 0.068452 0.097966
15 0.842758 0.753844 0.053902 0.097966
29 0.213459 0.212922 0.129960 0.134177
29 0.086310 0.205109 0.150794 0.141369
342 0.013889 0.425471 0.017196 0.072173
130 0.089782 0.420139 0.137897 0.131448
130 0.212632 0.419767 0.130291 0.130704
30 0.320602 0.415799 0.153108 0.128224
30 0.437831 0.413938 0.118386 0.120040
218 0.121858 0.729043 0.137897 0.151538
218 0.226190 0.704737 0.115079 0.131200
205 0.141700 0.891245 0.139220 0.177331
205 0.237269 0.846726 0.110780 0.138889
