64 0.188950 0.110143 0.045304 0.087090
64 0.235912 0.109631 0.045304 0.092213
31 0.279282 0.110143 0.041436 0.087090
31 0.319613 0.112705 0.042541 0.092213
31 0.363260 0.112705 0.042541 0.092213
304 0.401381 0.236168 0.028177 0.097336
340 0.372376 0.237193 0.027624 0.095287
340 0.279006 0.233094 0.032044 0.097336
347 0.244199 0.230020 0.032044 0.097336
341 0.201657 0.228484 0.036464 0.110656
341 0.161050 0.228996 0.039227 0.107582
341 0.122652 0.228996 0.038674 0.107582
348 0.083425 0.228484 0.035359 0.104508
348 0.038950 0.228484 0.032597 0.102459
171 0.038674 0.357070 0.028729 0.095287
171 0.069061 0.357070 0.033149 0.101434
304 0.119613 0.357070 0.032597 0.101434
304 0.154972 0.357070 0.035912 0.101434
304 0.191160 0.357070 0.035359 0.101434
304 0.230387 0.361168 0.034254 0.095287
304 0.269890 0.361168 0.032597 0.095287
304 0.295028 0.361168 0.023204 0.091189
304 0.317403 0.357070 0.028177 0.091189
141 0.342541 0.359119 0.030939 0.095287
141 0.371547 0.360143 0.028177 0.095287
141 0.400276 0.361680 0.028177 0.098361
89 0.687293 0.452869 0.032044 0.051230
215 0.639779 0.453893 0.030939 0.053279
89 0.664641 0.453893 0.028729 0.053279
27 0.949448 0.558402 0.042541 0.061475
189 0.908011 0.557889 0.042541 0.058402
173 0.866575 0.565574 0.042541 0.055328
25 0.779558 0.555328 0.036464 0.059426
25 0.743094 0.555328 0.035359 0.055328
339 0.702762 0.555328 0.039779 0.053279
339 0.661602 0.555328 0.037017 0.053279
198 0.624309 0.551230 0.035359 0.055328
198 0.584807 0.551230 0.034807 0.055328
63 0.544475 0.551230 0.029282 0.055328
63 0.509116 0.551230 0.029282 0.055328
355 0.474033 0.620389 0.038674 0.080943
355 0.433702 0.620389 0.038674 0.080943
355 0.395304 0.614242 0.030387 0.095287
355 0.369337 0.614242 0.030387 0.091189
355 0.341436 0.614242 0.030939 0.095287
151 0.291713 0.614242 0.027624 0.095287
151 0.261602 0.614754 0.028177 0.098361
151 0.233702 0.610143 0.027624 0.097336
304 0.174586 0.490266 0.034254 0.101434
304 0.216022 0.488730 0.035359 0.102459
304 0.256354 0.492828 0.035359 0.098361
49 0.290608 0.488730 0.030939 0.102459
49 0.317680 0.491803 0.032044 0.098361
49 0.345304 0.494365 0.032044 0.095287
49 0.369337 0.497439 0.028177 0.091189
49 0.399448 0.494877 0.030939 0.098361
103 0.437569 0.525615 0.033149 0.038934
103 0.474586 0.529713 0.030939 0.038934
222 0.513260 0.643443 0.028729 0.071721
192 0.557735 0.644980 0.031492 0.070697
192 0.587017 0.648053 0.031492 0.070697
142 0.619061 0.647541 0.029282 0.065574
142 0.647790 0.649078 0.028177 0.066598
324 0.675967 0.652152 0.028177 0.070697
324 0.703039 0.649078 0.029282 0.070697
56 0.736188 0.643443 0.029282 0.071721
56 0.762983 0.644980 0.028729 0.070697
56 0.784807 0.648053 0.029282 0.070697
56 0.811602 0.648053 0.028729 0.070697
32 0.842818 0.649078 0.029282 0.070697
32 0.862431 0.652152 0.027624 0.070697
266 0.895580 0.652152 0.030939 0.070697
266 0.916298 0.652152 0.031492 0.072746
266 0.941160 0.652152 0.032597 0.074795
125 0.875691 0.756148 0.032044 0.065574
125 0.843923 0.756660 0.029282 0.064549
1 0.577901 0.084529 0.023204 0.056352
1 0.589227 0.135246 0.021547 0.045082
1 0.566298 0.134734 0.020994 0.044057
122 0.888674 0.075820 0.038122 0.036885
122 0.894199 0.110143 0.037017 0.035861
122 0.895856 0.141906 0.040331 0.029713
320 0.936188 0.113217 0.039227 0.037910
320 0.971547 0.112705 0.037017 0.036885
210 0.935635 0.143443 0.035912 0.026639
320 0.971823 0.142930 0.038674 0.027664
355 0.901381 0.244877 0.024862 0.059426
334 0.924033 0.241291 0.027072 0.064549
177 0.948066 0.254611 0.023204 0.039959
114 0.948895 0.221311 0.025967 0.032787
177 0.971271 0.225410 0.024309 0.032787
177 0.969890 0.257684 0.023757 0.033811
238 0.753867 0.259734 0.037017 0.027664
238 0.792818 0.259734 0.037569 0.027664
87 0.831215 0.257172 0.034807 0.032787
87 0.867403 0.257172 0.039779 0.032787
203 0.791160 0.331455 0.044199 0.039959
309 0.829834 0.333504 0.041989 0.039959
174 0.862431 0.330430 0.026519 0.037910
174 0.872652 0.368340 0.042541 0.035861
309 0.827901 0.369877 0.041436 0.030738
203 0.789227 0.367828 0.033702 0.034836
46 0.742541 0.332992 0.040884 0.038934
46 0.746685 0.368852 0.041436 0.034836
287 0.917680 0.369365 0.043094 0.033811
173 0.958564 0.367316 0.041989 0.039959
173 0.950276 0.327357 0.041989 0.046107
189 0.910221 0.464652 0.042541 0.033811
189 0.948895 0.464652 0.042541 0.033811
20 0.726243 0.455943 0.028177 0.047131
20 0.752762 0.456455 0.027072 0.046107
24 0.782044 0.456455 0.027072 0.046107
24 0.808840 0.456455 0.029834 0.046107
24 0.844475 0.457480 0.029282 0.046107
24 0.865470 0.456455 0.025967 0.046107
19 0.586740 0.451844 0.033149 0.051230
215 0.615193 0.455430 0.025967 0.046107
225 0.508011 0.347336 0.021547 0.073770
225 0.530663 0.347848 0.021547 0.074795
103 0.553315 0.347336 0.025967 0.075820
103 0.575967 0.347336 0.023757 0.073770
196 0.513260 0.236680 0.022099 0.071721
196 0.535912 0.236168 0.023204 0.072746
332 0.559669 0.236168 0.025414 0.072746
332 0.583702 0.236168 0.022652 0.072746
248 0.608564 0.237193 0.024862 0.070697
210 0.633149 0.237193 0.025414 0.070697
249 0.656630 0.238217 0.023757 0.070697
249 0.679558 0.237705 0.024309 0.071721
111 0.555801 0.754611 0.020994 0.056352
111 0.576796 0.754611 0.019890 0.056352
111 0.596409 0.755123 0.019337 0.057377
111 0.617403 0.755123 0.019337 0.057377
106 0.500276 0.747951 0.017127 0.071721
106 0.517127 0.747951 0.015470 0.071721
106 0.533978 0.747951 0.016022 0.069672
282 0.325414 0.747951 0.036464 0.065574
282 0.362155 0.747951 0.038122 0.065574
282 0.398619 0.747951 0.038122 0.065574
282 0.434254 0.748463 0.039779 0.066598
282 0.471547 0.748463 0.038122 0.066598
137 0.639503 0.757172 0.019337 0.055328
137 0.658564 0.757172 0.019890 0.055328
99 0.340884 0.870902 0.044199 0.098361
99 0.309669 0.870389 0.033702 0.097336
99 0.280663 0.870389 0.034254 0.097336
306 0.380110 0.870389 0.034254 0.105533
306 0.404420 0.873975 0.025414 0.098361
306 0.422099 0.869365 0.013260 0.103484
306 0.442818 0.873975 0.034807 0.098361
146 0.471547 0.884221 0.017127 0.073770
146 0.491713 0.885758 0.016575 0.076844
146 0.508287 0.885246 0.016575 0.075820
178 0.532320 0.882172 0.019337 0.086066
178 0.553591 0.882172 0.020994 0.086066
178 0.574586 0.881148 0.020994 0.084016
65 0.620442 0.878586 0.023204 0.089139
65 0.597238 0.867828 0.020994 0.077869
229 0.653867 0.878074 0.038122 0.084016
229 0.688398 0.882172 0.037569 0.092213
298 0.720166 0.882684 0.025967 0.091189
298 0.744475 0.879611 0.027072 0.093238
298 0.772099 0.882684 0.029282 0.093238
298 0.798619 0.881660 0.029282 0.095287
298 0.827072 0.884221 0.028729 0.092213
298 0.854420 0.882684 0.029282 0.095287
298 0.881768 0.873463 0.044199 0.109631
298 0.919061 0.872951 0.038122 0.108607
184 0.810773 0.553279 0.025967 0.063525
184 0.833149 0.553279 0.022099 0.063525
100 0.063812 0.768955 0.017127 0.070697
100 0.082044 0.768443 0.030387 0.075820
100 0.108287 0.767930 0.028729 0.074795
100 0.128177 0.766906 0.018785 0.074795
100 0.069337 0.862705 0.017127 0.069672
100 0.087569 0.863217 0.025967 0.072746
100 0.112155 0.862705 0.029834 0.073770
100 0.130663 0.862705 0.016022 0.069672
100 0.176796 0.863217 0.016575 0.068648
100 0.195580 0.863730 0.026519 0.071721
100 0.219890 0.862705 0.026519 0.071721
100 0.238950 0.863217 0.016022 0.070697
100 0.176519 0.769467 0.018232 0.071721
100 0.196409 0.769467 0.027072 0.071721
100 0.220442 0.768955 0.027624 0.070697
100 0.238950 0.768955 0.016022 0.070697
304 0.291160 0.746414 0.028729 0.066598
171 0.067680 0.618340 0.031492 0.093238
171 0.111878 0.618340 0.028177 0.093238
171 0.135912 0.618340 0.022099 0.093238
219 0.161878 0.619365 0.029834 0.095287
219 0.189503 0.620902 0.030939 0.092213
219 0.214641 0.618852 0.022652 0.096311
63 0.046409 0.500000 0.038674 0.102459
63 0.074586 0.497951 0.028729 0.098361
63 0.098895 0.497951 0.028729 0.098361
63 0.124862 0.496414 0.022099 0.103484
304 0.441989 0.340676 0.038674 0.062500
200 0.441713 0.393443 0.035912 0.045082
225 0.477624 0.388320 0.032597 0.053279
272 0.430110 0.239242 0.025967 0.099385
272 0.455249 0.244365 0.027624 0.089139
272 0.481768 0.239754 0.028729 0.098361
259 0.816851 0.759734 0.025967 0.062500
259 0.789503 0.757172 0.024309 0.061475
136 0.764917 0.755635 0.021547 0.064549
136 0.743370 0.754098 0.020442 0.061475
340 0.343923 0.234119 0.027072 0.097336
340 0.314917 0.233094 0.034254 0.105533
