239 0.327125 0.196167 0.034250 0.083000
239 0.360125 0.197167 0.034750 0.083000
239 0.389500 0.202000 0.033500 0.083333
239 0.418750 0.202000 0.032000 0.080000
239 0.446250 0.205833 0.031000 0.076333
239 0.480250 0.205833 0.030500 0.079000
239 0.506625 0.207833 0.029250 0.079000
239 0.535000 0.208833 0.031000 0.077667
311 0.746875 0.324167 0.038750 0.039667
311 0.702000 0.324167 0.038000 0.039667
343 0.618000 0.317167 0.028500 0.041667
109 0.584750 0.316167 0.029500 0.041000
109 0.550625 0.314333 0.031750 0.042667
246 0.525250 0.312333 0.029500 0.044000
109 0.496875 0.312333 0.029250 0.042667
42 0.463750 0.312333 0.029500 0.042000
42 0.437375 0.311500 0.026250 0.043667
42 0.406125 0.307500 0.034250 0.046333
0 0.369875 0.302667 0.034250 0.048000
0 0.336875 0.299500 0.034250 0.054333
109 0.307375 0.300667 0.034250 0.049333
109 0.272375 0.302500 0.034250 0.045667
143 0.232250 0.306500 0.036500 0.041667
109 0.193250 0.302500 0.046000 0.044333
355 0.121000 0.297667 0.053500 0.048000
280 0.059625 0.111333 0.045750 0.093333
280 0.094375 0.114000 0.048250 0.094667
280 0.129750 0.117000 0.043500 0.092000
280 0.161375 0.118000 0.042250 0.090000
280 0.194875 0.121167 0.040250 0.090333
280 0.227500 0.122667 0.042500 0.094000
280 0.232625 0.197833 0.033750 0.069667
280 0.203500 0.196833 0.037500 0.071000
280 0.171625 0.194667 0.040250 0.072667
280 0.139250 0.192833 0.041000 0.073000
280 0.106500 0.192000 0.041500 0.072667
280 0.074250 0.190500 0.045500 0.074333
207 0.083750 0.379500 0.052500 0.054333
207 0.133625 0.381000 0.054750 0.052667
207 0.181250 0.381833 0.046500 0.052333
207 0.224750 0.383167 0.051500 0.051000
236 0.273625 0.384000 0.044250 0.051333
236 0.320000 0.385667 0.051500 0.050667
236 0.367000 0.386167 0.046500 0.051000
236 0.413375 0.387333 0.044250 0.050000
236 0.457250 0.387500 0.046500 0.050333
212 0.497000 0.387000 0.030500 0.050667
92 0.526375 0.382000 0.029250 0.063333
212 0.554250 0.384667 0.028000 0.040000
212 0.581750 0.385000 0.029000 0.040000
212 0.614000 0.386000 0.029000 0.039333
212 0.641875 0.386000 0.030750 0.039333
296 0.668250 0.390167 0.031000 0.049667
345 0.690000 0.390667 0.034000 0.048667
345 0.725500 0.390000 0.028500 0.035333
296 0.750625 0.389333 0.031250 0.038000
212 0.779750 0.395000 0.030000 0.046000
92 0.799375 0.399167 0.032750 0.039667
92 0.831000 0.396000 0.042500 0.045333
92 0.855625 0.397833 0.034250 0.043000
92 0.881000 0.398667 0.041500 0.044667
204 0.910125 0.391167 0.039250 0.037667
204 0.945125 0.397833 0.038250 0.047667
73 0.979375 0.391667 0.035250 0.039333
355 0.063250 0.294833 0.055000 0.049000
271 0.093750 0.296000 0.009500 0.046667
239 0.548875 0.208667 0.006250 0.080000
68 0.581250 0.152000 0.033000 0.080000
68 0.610250 0.154333 0.032000 0.076000
68 0.640000 0.154333 0.036500 0.080000
307 0.672375 0.159500 0.035750 0.078333
307 0.701875 0.161667 0.034250 0.076667
307 0.730250 0.161833 0.036000 0.075000
307 0.758000 0.164333 0.035500 0.074667
307 0.751750 0.228833 0.035500 0.057667
307 0.723375 0.226333 0.034250 0.060667
307 0.696625 0.225333 0.030250 0.059333
307 0.669625 0.223500 0.032750 0.061000
68 0.635375 0.221167 0.034250 0.063000
68 0.605625 0.220333 0.031250 0.060667
68 0.577625 0.219000 0.029750 0.062000
188 0.803125 0.166500 0.036750 0.075667
188 0.830500 0.167000 0.038500 0.074000
188 0.858000 0.167667 0.038000 0.074667
188 0.847500 0.233167 0.036000 0.057667
188 0.820625 0.232000 0.034750 0.058667
188 0.797125 0.231500 0.024750 0.056333
333 0.790625 0.311833 0.041750 0.062333
333 0.826375 0.314500 0.047750 0.059667
294 0.886625 0.329500 0.090250 0.037000
5 0.932875 0.331333 0.014250 0.033333
343 0.669625 0.315833 0.025250 0.044333
343 0.646125 0.314833 0.029750 0.045667
243 0.850000 0.467333 0.095000 0.044000
243 0.844500 0.505667 0.083500 0.038000
66 0.906375 0.507500 0.051250 0.029667
66 0.915000 0.474000 0.057500 0.039333
66 0.963750 0.473667 0.050500 0.039333
66 0.954250 0.506833 0.054500 0.031000
60 0.982750 0.500000 0.012500 0.044667
38 0.707250 0.487500 0.023500 0.069000
38 0.729625 0.487667 0.032250 0.068000
38 0.756250 0.487167 0.031000 0.069667
38 0.780125 0.487667 0.031250 0.070000
21 0.677750 0.481500 0.030500 0.063000
21 0.651875 0.481500 0.027750 0.063000
21 0.629125 0.481500 0.032250 0.063000
21 0.603375 0.485833 0.031250 0.071667
21 0.579000 0.486000 0.033000 0.072000
3 0.401875 0.479667 0.053750 0.052000
3 0.453875 0.479167 0.050750 0.052333
39 0.493250 0.481833 0.030500 0.080333
39 0.521875 0.481667 0.026750 0.080000
39 0.548625 0.481667 0.029250 0.080000
82 0.135625 0.453333 0.052750 0.054667
82 0.140625 0.499667 0.043250 0.047333
233 0.178125 0.499333 0.037750 0.045333
233 0.209375 0.455167 0.039750 0.051667
233 0.212125 0.500167 0.037750 0.044333
158 0.250500 0.452833 0.030000 0.051667
158 0.282750 0.455167 0.036500 0.049667
158 0.282625 0.500333 0.036750 0.044000
158 0.250250 0.499667 0.031500 0.046000
250 0.316625 0.455167 0.034750 0.049000
250 0.320500 0.500333 0.036500 0.044000
250 0.354250 0.499667 0.032000 0.046000
349 0.113500 0.561000 0.052000 0.047333
349 0.162250 0.559333 0.060500 0.048667
349 0.214875 0.556167 0.035750 0.043000
349 0.251500 0.560833 0.050500 0.051000
349 0.253000 0.601333 0.045000 0.036000
349 0.210125 0.598167 0.047250 0.043667
349 0.163375 0.599500 0.052750 0.036333
349 0.119125 0.600000 0.048750 0.036000
84 0.305625 0.561833 0.054250 0.053667
86 0.358000 0.559667 0.055000 0.050667
86 0.414750 0.562000 0.053500 0.052667
86 0.465625 0.560167 0.049250 0.049667
84 0.466250 0.601333 0.047000 0.034000
86 0.417250 0.602000 0.050500 0.032667
86 0.360375 0.600833 0.054750 0.035000
86 0.306750 0.600667 0.055000 0.036000
296 0.514375 0.599000 0.035250 0.041333
296 0.551250 0.600833 0.037000 0.037667
296 0.551500 0.558667 0.042000 0.048000
296 0.590125 0.557667 0.040250 0.047333
349 0.630125 0.560667 0.042250 0.044000
296 0.587875 0.599667 0.040250 0.038667
349 0.624750 0.600000 0.040500 0.037333
109 0.666875 0.559833 0.040750 0.044333
109 0.703625 0.557500 0.044750 0.047667
109 0.699875 0.596167 0.039250 0.033667
109 0.667375 0.597000 0.039750 0.033333
243 0.724375 0.605000 0.010250 0.022667
52 0.745125 0.596667 0.038250 0.036000
52 0.748000 0.556333 0.042500 0.046000
52 0.779375 0.596333 0.042750 0.036667
52 0.786000 0.556167 0.042500 0.046333
52 0.815500 0.596000 0.042000 0.038000
52 0.821625 0.557833 0.040250 0.039667
52 0.859375 0.555667 0.044250 0.044000
244 0.851875 0.595833 0.043750 0.037667
244 0.891750 0.593667 0.043500 0.038667
244 0.926000 0.591833 0.040000 0.035667
235 0.846125 0.658667 0.046250 0.047333
235 0.889250 0.658167 0.049500 0.046333
143 0.934375 0.652500 0.055750 0.035000
143 0.929000 0.680333 0.059000 0.029333
143 0.975875 0.680833 0.046250 0.025667
143 0.976250 0.653500 0.047000 0.037000
208 0.763125 0.680500 0.029750 0.031667
208 0.798875 0.679667 0.029250 0.030667
208 0.802250 0.645167 0.025500 0.038333
208 0.771125 0.646333 0.030750 0.037333
246 0.552500 0.652500 0.050000 0.043000
246 0.552500 0.691667 0.049500 0.038000
246 0.599000 0.652500 0.047000 0.044333
246 0.595125 0.688333 0.045250 0.034000
246 0.642000 0.687167 0.045000 0.035667
246 0.645375 0.650167 0.048750 0.041000
152 0.688000 0.650167 0.042500 0.041000
152 0.684500 0.684167 0.040000 0.036333
152 0.720125 0.679833 0.036750 0.043000
271 0.124500 0.665667 0.050000 0.046667
271 0.168625 0.663333 0.052750 0.042667
271 0.212500 0.662833 0.046000 0.041667
271 0.253750 0.662500 0.051500 0.041000
132 0.303750 0.662667 0.053000 0.041333
132 0.353500 0.661167 0.050500 0.038333
132 0.406000 0.660833 0.050000 0.037667
132 0.452000 0.659500 0.047500 0.035000
246 0.500375 0.657167 0.045250 0.030333
246 0.503750 0.692333 0.046500 0.041333
132 0.454875 0.693333 0.047250 0.035333
132 0.407750 0.695500 0.050000 0.035000
132 0.358000 0.696333 0.051000 0.036667
132 0.309250 0.698500 0.051500 0.035667
271 0.261750 0.699500 0.041500 0.035000
271 0.219250 0.700833 0.043500 0.037000
271 0.178375 0.701333 0.046250 0.036667
271 0.137125 0.703333 0.045250 0.036000
84 0.354000 0.783333 0.102000 0.036667
84 0.354000 0.813333 0.097500 0.037333
86 0.253250 0.785833 0.101500 0.041667
84 0.254750 0.817500 0.102000 0.036333
84 0.148750 0.790333 0.117000 0.050667
84 0.154500 0.823333 0.106500 0.025333
96 0.985000 0.750833 0.030000 0.039667
96 0.959750 0.749833 0.037500 0.037667
96 0.929875 0.751000 0.033750 0.040000
96 0.927250 0.787000 0.028500 0.032667
96 0.952750 0.785500 0.039000 0.035000
96 0.982000 0.785833 0.036000 0.032333
338 0.457000 0.778000 0.091000 0.035333
246 0.456500 0.808667 0.074000 0.030000
338 0.552000 0.768000 0.084000 0.049333
246 0.550000 0.805167 0.070500 0.030333
246 0.641500 0.801000 0.073000 0.030667
338 0.641500 0.765833 0.084000 0.045000
33 0.709625 0.779000 0.053750 0.071333
33 0.757375 0.777667 0.054750 0.068667
33 0.795625 0.776333 0.060750 0.066000
8 0.841500 0.760833 0.059000 0.035000
8 0.887625 0.761000 0.053250 0.035333
8 0.840000 0.792833 0.051500 0.031667
8 0.880750 0.790000 0.046500 0.032667
