232 0.156664 0.344244 0.153592 0.148232
232 0.163989 0.262980 0.137996 0.095561
139 0.300331 0.365688 0.153592 0.111362
139 0.293478 0.251317 0.155955 0.148984
139 0.297023 0.171181 0.148866 0.091046
232 0.200614 0.086531 0.134688 0.087284
232 0.182656 0.156132 0.096881 0.103085
80 0.186673 0.537622 0.274102 0.136193
80 0.186200 0.636193 0.275992 0.110609
80 0.190690 0.721595 0.267013 0.103837
80 0.190690 0.802859 0.263233 0.109857
80 0.195888 0.873213 0.256616 0.121144
275 0.464083 0.552295 0.246692 0.129421
275 0.456522 0.681339 0.253308 0.179834
275 0.452268 0.835967 0.259924 0.115877
275 0.452032 0.915726 0.276465 0.120391
102 0.735350 0.939052 0.276938 0.112867
102 0.741493 0.872460 0.288280 0.133183
102 0.742439 0.781415 0.290170 0.140707
102 0.746219 0.663281 0.280718 0.145222
102 0.736531 0.571859 0.276465 0.121896
283 0.913280 0.604966 0.135633 0.197141
269 0.502599 0.355530 0.233932 0.127163
269 0.514178 0.247931 0.246692 0.157261
269 0.499527 0.158766 0.225898 0.105342
269 0.509688 0.085403 0.226371 0.086531
318 0.744565 0.305869 0.172495 0.164786
79 0.915643 0.343115 0.160208 0.215199
185 0.915643 0.174191 0.071361 0.157261
