3 0.566344 0.406085 0.050843 0.064153
3 0.612103 0.406085 0.054563 0.064153
3 0.659102 0.408896 0.049355 0.066468
244 0.876860 0.582837 0.062748 0.043320
244 0.844618 0.617063 0.081597 0.042989
244 0.834821 0.580853 0.059524 0.039352
21 0.780134 0.596561 0.034970 0.064153
290 0.743056 0.595569 0.036706 0.068783
21 0.711682 0.595569 0.041419 0.070767
21 0.678571 0.592593 0.042659 0.064153
21 0.649306 0.589616 0.030258 0.064153
207 0.382688 0.584656 0.036706 0.054233
207 0.348958 0.591270 0.031250 0.034392
236 0.318204 0.584821 0.037202 0.043981
236 0.276290 0.571098 0.036706 0.064153
236 0.317212 0.551587 0.033234 0.027778
38 0.410094 0.397321 0.025546 0.063823
38 0.433284 0.397817 0.024802 0.063492
38 0.461806 0.398810 0.026786 0.063492
38 0.483879 0.396660 0.022321 0.066468
38 0.511905 0.401951 0.019345 0.064484
333 0.332961 0.403274 0.036954 0.055225
311 0.366443 0.386739 0.038938 0.035384
311 0.370164 0.418155 0.033978 0.028108
212 0.296131 0.504960 0.029266 0.029101
212 0.321553 0.504464 0.023065 0.032077
345 0.387773 0.498677 0.022073 0.012566
345 0.410094 0.503472 0.021081 0.017526
345 0.433656 0.513228 0.022073 0.024471
345 0.454737 0.514716 0.020585 0.023479
212 0.441468 0.497520 0.047619 0.010251
345 0.393973 0.469577 0.020585 0.024471
345 0.414187 0.471396 0.020337 0.022817
345 0.441096 0.467593 0.014633 0.030423
345 0.455481 0.477348 0.020585 0.026786
82 0.582341 0.517361 0.022321 0.043320
82 0.616691 0.513393 0.028522 0.043320
109 0.639881 0.519676 0.022321 0.049934
92 0.532614 0.513724 0.022073 0.031415
92 0.484995 0.510417 0.021081 0.036045
345 0.507068 0.510913 0.023065 0.037037
92 0.554439 0.515377 0.022073 0.028108
82 0.597098 0.516534 0.015129 0.039683
250 0.729787 0.530589 0.032490 0.039352
250 0.713418 0.491237 0.036954 0.042659
250 0.690600 0.526620 0.032490 0.043320
250 0.670635 0.521660 0.016865 0.043320
250 0.678819 0.484127 0.033234 0.045635
233 0.791791 0.485450 0.041915 0.044974
233 0.819444 0.528108 0.025794 0.044974
233 0.798983 0.529101 0.022569 0.042989
233 0.768849 0.528770 0.035218 0.044312
66 0.752728 0.385251 0.046131 0.034392
66 0.801215 0.386409 0.054812 0.036045
66 0.825149 0.424272 0.050595 0.035714
66 0.774306 0.424272 0.061508 0.035714
243 0.908234 0.391700 0.112103 0.045304
243 0.900050 0.428737 0.095238 0.038029
0 0.698661 0.408069 0.028770 0.022487
0 0.724702 0.405919 0.021825 0.026124
246 0.747892 0.689649 0.048859 0.043981
246 0.737847 0.663856 0.040179 0.038029
132 0.788318 0.683366 0.044891 0.035384
86 0.837550 0.695933 0.058036 0.043981
132 0.830853 0.685351 0.042163 0.032077
86 0.836558 0.661541 0.047123 0.025463
86 0.794891 0.657738 0.051587 0.023810
271 0.569444 0.677579 0.030258 0.039683
296 0.600074 0.648644 0.031994 0.026124
271 0.600074 0.666501 0.032490 0.013558
271 0.604167 0.691303 0.033730 0.040013
271 0.634425 0.682705 0.033730 0.040013
246 0.665675 0.672619 0.036706 0.041005
152 0.489335 0.643188 0.031250 0.031085
152 0.506696 0.680390 0.033234 0.048611
152 0.476438 0.676753 0.033234 0.049272
152 0.535714 0.678075 0.028770 0.041997
84 0.372644 0.657903 0.037450 0.041336
86 0.373388 0.630952 0.038442 0.022487
86 0.403398 0.672123 0.042411 0.039352
86 0.443080 0.665509 0.038442 0.039352
217 0.114955 0.649967 0.029514 0.032738
217 0.141865 0.650463 0.029762 0.033730
204 0.167783 0.652447 0.030010 0.036376
284 0.192708 0.654597 0.031746 0.037368
73 0.219246 0.657738 0.027778 0.037698
73 0.243304 0.660384 0.026290 0.035053
231 0.124504 0.739087 0.037202 0.039683
231 0.127232 0.702712 0.028770 0.029762
264 0.158854 0.693948 0.029018 0.026786
264 0.151786 0.734127 0.030258 0.038360
264 0.172867 0.742394 0.031250 0.042989
204 0.218378 0.709160 0.030010 0.035384
109 0.198661 0.728009 0.018353 0.045304
204 0.241443 0.752976 0.023562 0.042989
204 0.218626 0.751488 0.026042 0.033399
143 0.283978 0.758763 0.048611 0.037368
143 0.283978 0.729497 0.048611 0.026455
338 0.423735 0.748512 0.073165 0.045304
338 0.426587 0.715278 0.067460 0.036376
86 0.355035 0.708003 0.071181 0.021825
84 0.351438 0.739583 0.068452 0.052579
208 0.483631 0.737103 0.032738 0.030423
208 0.484871 0.772983 0.024802 0.042659
235 0.519593 0.764220 0.040675 0.068783
96 0.555928 0.787533 0.033482 0.038029
96 0.556052 0.742890 0.032738 0.041997
96 0.589162 0.790675 0.034474 0.036376
96 0.587674 0.746528 0.032986 0.036045
33 0.634177 0.780093 0.049603 0.062831
33 0.677703 0.781581 0.051835 0.065146
329 0.718130 0.792163 0.041915 0.052579
329 0.751240 0.770999 0.038690 0.065146
62 0.778150 0.760582 0.037946 0.044312
62 0.811508 0.760747 0.044643 0.044643
5 0.625000 0.268188 0.036210 0.111111
294 0.657862 0.268022 0.038442 0.112103
5 0.687996 0.269015 0.039187 0.110780
270 0.571305 0.270172 0.051339 0.104497
11 0.528150 0.274140 0.049355 0.096561
188 0.170883 0.241567 0.035714 0.056548
188 0.178571 0.292328 0.024306 0.049603
188 0.156994 0.292163 0.025794 0.049272
188 0.136533 0.291667 0.031002 0.049603
307 0.096478 0.292163 0.033730 0.047288
68 0.074157 0.292493 0.029266 0.045966
239 0.207093 0.287864 0.036210 0.059193
239 0.207217 0.228340 0.034970 0.068452
239 0.230655 0.230820 0.028770 0.062831
239 0.238219 0.290179 0.023562 0.056548
239 0.261657 0.289683 0.030258 0.056878
239 0.255332 0.227679 0.029514 0.070437
280 0.284846 0.245205 0.028522 0.055886
280 0.306052 0.247851 0.022817 0.050595
280 0.291915 0.295470 0.024802 0.045966
280 0.309028 0.295470 0.019345 0.046627
296 0.421627 0.589616 0.033730 0.041667
296 0.423363 0.556878 0.032242 0.028439
296 0.453745 0.589947 0.031002 0.037698
296 0.455853 0.558862 0.034226 0.029101
86 0.486731 0.557705 0.028026 0.022817
296 0.484127 0.593089 0.032242 0.041336
349 0.520957 0.559358 0.031002 0.022817
349 0.553571 0.561012 0.032242 0.024140
349 0.586806 0.563161 0.033234 0.023810
349 0.617684 0.564484 0.031498 0.023810
349 0.617436 0.592593 0.032490 0.034392
349 0.585069 0.591766 0.032738 0.036045
349 0.553447 0.590443 0.032986 0.036045
349 0.521081 0.588294 0.032738 0.036376
52 0.833209 0.478836 0.040427 0.047619
52 0.872024 0.477679 0.033730 0.050595
52 0.860367 0.532242 0.036210 0.053241
355 0.883061 0.514716 0.006696 0.008267
52 0.898065 0.534392 0.041667 0.048942
