25 0.036806 0.055469 0.073611 0.064062
339 0.144097 0.054427 0.145139 0.086979
198 0.270833 0.070833 0.129167 0.068750
198 0.390972 0.083594 0.129167 0.061979
215 0.890972 0.213542 0.037500 0.035417
89 0.801389 0.212500 0.045833 0.035417
24 0.761458 0.213542 0.042361 0.037500
24 0.711806 0.213542 0.045833 0.037500
83 0.652778 0.213802 0.037500 0.039062
83 0.611806 0.213542 0.048611 0.041667
64 0.312153 0.196094 0.111806 0.076563
64 0.183333 0.189323 0.129167 0.086979
31 0.055556 0.183333 0.111111 0.097917
344 0.019444 0.235156 0.038889 0.027604
196 0.032639 0.338021 0.065278 0.090625
332 0.097222 0.335677 0.077778 0.092188
210 0.176389 0.334635 0.077778 0.086979
58 0.244792 0.332813 0.068750 0.083333
137 0.604861 0.321875 0.045833 0.053125
137 0.643403 0.317969 0.036806 0.056771
215 0.864583 0.302344 0.045833 0.056771
299 0.911458 0.299740 0.053472 0.049479
192 0.820833 0.384375 0.043056 0.053125
192 0.778125 0.391406 0.052083 0.061979
206 0.727083 0.395313 0.045833 0.058333
206 0.676389 0.400000 0.045833 0.059375
142 0.634375 0.405990 0.050694 0.061979
142 0.580556 0.411719 0.051389 0.061979
324 0.526042 0.418750 0.053472 0.064583
324 0.465278 0.422656 0.052778 0.066146
222 0.406944 0.429427 0.058333 0.076563
222 0.338542 0.434375 0.061806 0.076042
178 0.735764 0.488021 0.039583 0.073958
182 0.715625 0.596354 0.039583 0.076042
171 0.653125 0.608073 0.052083 0.082812
171 0.605208 0.620052 0.056250 0.089063
171 0.553472 0.630729 0.043056 0.080208
63 0.520139 0.644271 0.061111 0.080208
63 0.461458 0.657031 0.056250 0.082812
63 0.407986 0.670573 0.060417 0.092188
171 0.323958 0.680469 0.060417 0.092188
171 0.265278 0.697135 0.054167 0.095312
111 0.532292 0.539844 0.045139 0.068229
111 0.568750 0.533073 0.045833 0.068229
111 0.440972 0.556771 0.045833 0.073958
111 0.483681 0.549479 0.046528 0.070833
146 0.644444 0.515885 0.041667 0.070312
106 0.663542 0.507031 0.043750 0.070312
146 0.693056 0.503125 0.033333 0.068750
106 0.601042 0.519271 0.043750 0.072917
178 0.774653 0.483594 0.028472 0.073438
178 0.797917 0.479427 0.050000 0.074479
355 0.531944 0.319010 0.102778 0.079687
304 0.231944 0.582031 0.087500 0.103646
304 0.304167 0.565885 0.087500 0.114062
171 0.117361 0.728906 0.095833 0.097396
171 0.182986 0.714063 0.064583 0.089583
304 0.105903 0.607031 0.104861 0.117188
304 0.140625 0.580990 0.093750 0.108854
40 0.647569 0.768490 0.053472 0.060937
40 0.685764 0.754948 0.061806 0.078646
40 0.732986 0.744010 0.049306 0.069271
118 0.589583 0.799479 0.062500 0.105208
118 0.538194 0.817969 0.066667 0.111979
112 0.413542 0.865625 0.075694 0.116667
112 0.474653 0.848177 0.079861 0.100521
106 0.511111 0.836198 0.015278 0.076563
171 0.278125 0.898438 0.072917 0.108333
171 0.326736 0.885156 0.065972 0.098437
171 0.214236 0.921615 0.084028 0.113021
160 0.165625 0.932031 0.060417 0.097396
46 0.745139 0.294010 0.061111 0.039062
46 0.744792 0.326562 0.059028 0.032292
45 0.807292 0.290885 0.061806 0.036979
45 0.807292 0.321875 0.054861 0.030208
144 0.791667 0.720833 0.050000 0.060417
144 0.846181 0.689583 0.039583 0.056250
40 0.806597 0.554167 0.038194 0.056250
40 0.864583 0.549479 0.030556 0.072917
40 0.893403 0.539844 0.027083 0.084896
