29 0.069010 0.098877 0.138021 0.142090
29 0.204753 0.115479 0.136068 0.124512
53 0.335612 0.115479 0.133464 0.139160
53 0.452799 0.122314 0.130859 0.134277
214 0.564128 0.145752 0.090495 0.095215
214 0.642253 0.148682 0.085286 0.095215
315 0.823893 0.166260 0.104818 0.078613
315 0.891276 0.172119 0.075521 0.071777
261 0.938151 0.325439 0.062500 0.064941
261 0.979818 0.325439 0.040365 0.066895
201 0.877604 0.320557 0.065104 0.070801
201 0.813151 0.322510 0.075521 0.069824
201 0.737956 0.321533 0.061849 0.069824
61 0.678385 0.320557 0.074219 0.070801
61 0.612956 0.320557 0.073568 0.073730
268 0.546549 0.313721 0.057943 0.080566
268 0.549479 0.270752 0.057292 0.054199
30 0.467448 0.292236 0.110677 0.123535
30 0.367839 0.288330 0.113281 0.132324
130 0.241862 0.284424 0.130859 0.135254
130 0.108073 0.279541 0.144531 0.142090
108 0.111003 0.468994 0.102214 0.106934
330 0.203776 0.468018 0.110677 0.104004
50 0.298503 0.457275 0.095703 0.098145
117 0.494792 0.468018 0.091146 0.092285
305 0.571940 0.468018 0.083984 0.090332
78 0.640299 0.468018 0.081380 0.086426
75 0.726237 0.465088 0.098307 0.090332
75 0.811198 0.465088 0.084635 0.086426
194 0.888346 0.463135 0.083984 0.087402
194 0.957682 0.462158 0.084635 0.084473
342 0.940104 0.588135 0.104167 0.108887
342 0.846354 0.594971 0.100260 0.103027
97 0.744792 0.597900 0.104167 0.107910
97 0.651042 0.597900 0.110677 0.110840
97 0.544596 0.591064 0.102214 0.108887
181 0.452799 0.591064 0.081380 0.101074
34 0.367839 0.603760 0.111979 0.126465
218 0.253581 0.584229 0.086589 0.098145
218 0.145182 0.606689 0.125000 0.146973
85 0.625651 0.794189 0.104167 0.118652
85 0.698893 0.786377 0.080078 0.108887
15 0.754557 0.777588 0.071615 0.117676
15 0.821940 0.746338 0.095703 0.078613
35 0.933268 0.764893 0.111328 0.095215
164 0.395182 0.463135 0.110677 0.108887
7 0.494792 0.809814 0.115885 0.135254
7 0.348307 0.815674 0.110677 0.154785
205 0.121094 0.832764 0.125000 0.153809
205 0.232422 0.826660 0.114583 0.142578
