217 0.104415 0.776124 0.065476 0.091931
284 0.156126 0.773313 0.052827 0.080357
284 0.322173 0.743056 0.039187 0.080026
284 0.359251 0.732308 0.036954 0.083003
86 0.574033 0.717593 0.039931 0.061508
86 0.610243 0.717593 0.036458 0.052910
152 0.640501 0.711806 0.034474 0.047950
152 0.672619 0.709821 0.034226 0.047950
233 0.697173 0.704861 0.034226 0.053241
271 0.732391 0.699074 0.037202 0.041667
271 0.759549 0.693287 0.029514 0.040675
271 0.729167 0.659392 0.034226 0.035714
152 0.697173 0.661872 0.034226 0.043981
152 0.668899 0.672619 0.034226 0.041667
152 0.636657 0.674603 0.033234 0.041667
86 0.605407 0.678571 0.031746 0.039683
86 0.573041 0.685516 0.036458 0.041667
280 0.380828 0.287698 0.028522 0.067460
280 0.408358 0.287864 0.027034 0.061839
280 0.434400 0.291832 0.026042 0.060516
68 0.466146 0.296627 0.026538 0.056217
68 0.490079 0.299934 0.024802 0.054894
68 0.490699 0.244378 0.023562 0.062831
68 0.466890 0.240906 0.027530 0.069114
307 0.512649 0.258433 0.012897 0.046627
307 0.530878 0.243221 0.028522 0.073082
307 0.548611 0.252149 0.011905 0.046627
307 0.565104 0.261574 0.022073 0.058201
307 0.555928 0.302579 0.026538 0.062169
307 0.571553 0.312004 0.009673 0.043981
307 0.530134 0.301753 0.026538 0.059854
307 0.512525 0.305060 0.011161 0.048611
188 0.600074 0.263062 0.023065 0.056548
188 0.616195 0.270007 0.014137 0.046627
188 0.632316 0.271164 0.021577 0.047619
188 0.641865 0.318948 0.021825 0.049272
188 0.621156 0.316964 0.026538 0.048611
188 0.598958 0.314484 0.020833 0.047619
239 0.650918 0.319114 0.006200 0.049603
239 0.665055 0.316634 0.026042 0.058532
239 0.682168 0.320271 0.017609 0.055225
239 0.699157 0.321759 0.023810 0.055556
355 0.736235 0.286706 0.030506 0.032407
355 0.735739 0.315807 0.024058 0.031085
355 0.733879 0.341270 0.025794 0.024471
355 0.759673 0.343915 0.027282 0.024471
355 0.760541 0.318948 0.027530 0.028108
333 0.497396 0.420966 0.038938 0.057540
333 0.532986 0.422619 0.035218 0.056217
38 0.560268 0.418320 0.023313 0.066138
38 0.583457 0.418485 0.024554 0.067130
38 0.606771 0.419643 0.025546 0.065476
38 0.631820 0.420470 0.017609 0.063823
152 0.542659 0.392526 0.009425 0.007275
132 0.535714 0.393519 0.007440 0.004630
3 0.679936 0.426257 0.034970 0.054894
3 0.713418 0.427579 0.045387 0.053571
0 0.747148 0.434358 0.017113 0.040675
0 0.767485 0.434193 0.025050 0.043651
66 0.797867 0.443618 0.040179 0.027447
66 0.830357 0.444444 0.034722 0.025794
66 0.831225 0.416336 0.032490 0.031085
66 0.798363 0.414683 0.037202 0.031746
243 0.910342 0.417493 0.063740 0.032738
243 0.910342 0.445602 0.060268 0.029431
243 0.863095 0.445106 0.038690 0.027116
243 0.862847 0.417824 0.037698 0.029431
21 0.732391 0.603836 0.015377 0.057540
21 0.748264 0.603836 0.021329 0.054894
21 0.768353 0.602679 0.023313 0.053902
21 0.781374 0.601521 0.016617 0.052910
39 0.850570 0.593750 0.024058 0.053902
39 0.831225 0.594742 0.019097 0.054563
39 0.815848 0.596230 0.021081 0.057540
39 0.798859 0.598380 0.020833 0.055225
52 0.880952 0.493386 0.030258 0.036376
52 0.908854 0.494378 0.035466 0.036376
52 0.908110 0.526455 0.022569 0.032407
52 0.885789 0.528108 0.025050 0.031085
236 0.668279 0.498512 0.041419 0.043981
236 0.669891 0.536706 0.034722 0.035714
236 0.699157 0.534061 0.032242 0.037698
207 0.730035 0.532738 0.025546 0.037698
207 0.723090 0.495866 0.030506 0.038029
82 0.632192 0.499008 0.029266 0.041005
82 0.636161 0.537037 0.024802 0.037037
82 0.608879 0.536541 0.030258 0.039352
92 0.553447 0.537037 0.025546 0.042989
92 0.577505 0.534226 0.023562 0.046627
212 0.385541 0.542493 0.029018 0.045304
212 0.414683 0.542328 0.029266 0.045635
345 0.443700 0.541336 0.028274 0.043651
345 0.472222 0.540675 0.029266 0.042328
345 0.500000 0.540675 0.029266 0.042328
296 0.401290 0.605159 0.043651 0.052910
296 0.442584 0.603175 0.040923 0.050926
296 0.481647 0.600198 0.039187 0.050926
296 0.516989 0.598710 0.035962 0.046627
296 0.516493 0.638393 0.036458 0.038029
296 0.479539 0.641204 0.037946 0.039683
296 0.441096 0.644841 0.039931 0.039021
296 0.401166 0.645503 0.041419 0.038360
349 0.556672 0.596230 0.035466 0.046296
349 0.556176 0.629464 0.034970 0.024802
349 0.588170 0.628142 0.031498 0.028770
349 0.589534 0.594246 0.034226 0.045635
349 0.621404 0.591766 0.034474 0.045304
349 0.620412 0.627480 0.031002 0.030093
349 0.649306 0.625496 0.030754 0.034061
349 0.651538 0.590112 0.032242 0.043981
349 0.679439 0.588624 0.029514 0.041005
349 0.679067 0.623843 0.029762 0.032077
73 0.275546 0.768519 0.043155 0.056217
73 0.272197 0.724702 0.044891 0.053902
73 0.235243 0.724041 0.034474 0.047288
73 0.198165 0.724372 0.043155 0.045966
73 0.235367 0.774636 0.046131 0.054563
73 0.199901 0.772156 0.040675 0.060185
204 0.326637 0.831019 0.033730 0.056878
204 0.293403 0.842427 0.034722 0.060516
204 0.292659 0.899967 0.033234 0.068452
204 0.325893 0.893519 0.035218 0.064815
66 0.326885 0.863426 0.033234 0.009259
265 0.363715 0.830853 0.036458 0.059193
265 0.365451 0.885582 0.035962 0.061508
264 0.205357 0.921627 0.045635 0.069444
264 0.244668 0.915509 0.037946 0.057870
257 0.205853 0.890046 0.038690 0.006944
231 0.111483 0.946429 0.055308 0.070767
231 0.161086 0.931878 0.042907 0.050265
143 0.420759 0.850198 0.062748 0.049603
143 0.418527 0.881448 0.061756 0.043981
208 0.484003 0.824735 0.029018 0.044312
208 0.483135 0.864253 0.028274 0.046627
235 0.578373 0.824405 0.050099 0.078704
235 0.619048 0.821098 0.043651 0.071429
96 0.652654 0.784888 0.031498 0.047950
96 0.653770 0.824735 0.030754 0.042989
96 0.681920 0.818122 0.028026 0.041005
96 0.679936 0.781250 0.033482 0.043320
33 0.718254 0.792989 0.039683 0.078704
33 0.751984 0.788194 0.040179 0.069775
33 0.782490 0.784061 0.031250 0.061508
329 0.811136 0.740079 0.028026 0.048942
329 0.838294 0.770999 0.032242 0.057870
62 0.862351 0.755126 0.043651 0.071098
62 0.881448 0.745701 0.046131 0.064815
86 0.862599 0.647487 0.027282 0.031085
132 0.867808 0.679067 0.037698 0.038690
132 0.897817 0.678571 0.023313 0.031746
86 0.893973 0.647652 0.039931 0.034722
21 0.716642 0.608631 0.017113 0.052579
21 0.704241 0.609127 0.015129 0.053571
86 0.528150 0.735284 0.040427 0.036706
86 0.529142 0.695933 0.039931 0.040013
86 0.482143 0.703373 0.044147 0.044974
355 0.483755 0.746528 0.044891 0.033399
109 0.438244 0.748347 0.036210 0.035053
109 0.402034 0.755456 0.036210 0.036045
109 0.402158 0.714616 0.040427 0.038360
109 0.442956 0.711144 0.035714 0.039352
233 0.773934 0.530754 0.033482 0.034392
233 0.791791 0.525794 0.024058 0.027116
233 0.750496 0.490575 0.010417 0.032077
233 0.765501 0.490906 0.017113 0.032738
244 0.870660 0.601025 0.027034 0.036706
