341 0.335193 0.250661 0.053323 0.111111
341 0.269841 0.251488 0.079861 0.134590
340 0.210317 0.248347 0.076885 0.121032
306 0.517981 0.931382 0.052331 0.116071
306 0.574157 0.932374 0.045139 0.123347
306 0.604043 0.929729 0.050347 0.118056
306 0.643477 0.929729 0.053323 0.123347
282 0.713542 0.927910 0.056548 0.094577
282 0.744048 0.923776 0.089286 0.086310
282 0.789559 0.936343 0.066220 0.079034
192 0.531994 0.107474 0.060020 0.091931
222 0.578497 0.107970 0.053323 0.089616
324 0.623760 0.107308 0.053075 0.089616
142 0.667411 0.106481 0.053075 0.089286
71 0.470362 0.117725 0.061756 0.076720
71 0.416047 0.117394 0.062252 0.072090
200 0.290303 0.046958 0.080605 0.090608
200 0.347842 0.061177 0.064236 0.080688
200 0.289931 0.118552 0.070437 0.075066
200 0.350818 0.122354 0.069196 0.064815
196 0.119544 0.109458 0.050099 0.093254
210 0.158358 0.109458 0.052331 0.093254
103 0.199281 0.109954 0.046379 0.090939
225 0.235615 0.109458 0.045635 0.091931
141 0.167783 0.552910 0.057292 0.115741
347 0.203497 0.552910 0.042907 0.115079
347 0.241195 0.549769 0.046875 0.118717
347 0.280382 0.549603 0.045387 0.117725
340 0.320312 0.550099 0.045387 0.119378
340 0.359251 0.549438 0.049355 0.118056
49 0.402034 0.547454 0.046627 0.113426
49 0.441220 0.547784 0.048115 0.114087
49 0.480655 0.545470 0.043155 0.110119
151 0.148934 0.414517 0.054315 0.116733
151 0.189732 0.413360 0.056052 0.117725
151 0.232019 0.409888 0.051835 0.121362
219 0.277034 0.409226 0.051587 0.121362
219 0.317832 0.409392 0.047371 0.118386
63 0.360243 0.405423 0.049851 0.123677
63 0.404762 0.404927 0.049107 0.122024
63 0.447545 0.404266 0.045387 0.120701
63 0.488963 0.404101 0.044891 0.121693
32 0.529390 0.811508 0.039931 0.075397
32 0.567336 0.810185 0.038938 0.076058
259 0.609747 0.809689 0.043403 0.076389
259 0.647941 0.808366 0.043403 0.077712
56 0.690600 0.801091 0.042907 0.088955
56 0.728919 0.800595 0.042163 0.088624
77 0.770585 0.804563 0.050099 0.078704
77 0.809152 0.803902 0.046875 0.076058
355 0.836310 0.552910 0.035218 0.070767
309 0.787450 0.570933 0.061012 0.036045
309 0.787574 0.531085 0.064732 0.047619
45 0.724206 0.531746 0.062996 0.048942
45 0.723834 0.572586 0.061756 0.034722
87 0.531126 0.538194 0.052331 0.042659
87 0.530382 0.575728 0.052331 0.035714
173 0.589658 0.531250 0.063740 0.051918
173 0.591270 0.572421 0.060020 0.038360
46 0.657118 0.568948 0.064236 0.043981
46 0.645089 0.517692 0.056548 0.039352
198 0.527778 0.504630 0.048611 0.013228
98 0.526662 0.421296 0.033482 0.076058
334 0.564732 0.422619 0.035218 0.072090
177 0.609127 0.419974 0.038194 0.075397
355 0.722470 0.357639 0.065972 0.044643
122 0.665303 0.365245 0.058284 0.043320
122 0.665427 0.404927 0.056052 0.041336
122 0.665303 0.439484 0.056796 0.031085
355 0.726190 0.399471 0.062004 0.044974
355 0.727183 0.437004 0.059524 0.034722
27 0.786706 0.397487 0.065972 0.046296
189 0.788814 0.434358 0.060764 0.038029
215 0.849578 0.375165 0.052827 0.058532
215 0.844990 0.427083 0.043155 0.048611
106 0.722470 0.250827 0.024802 0.084987
146 0.754340 0.246197 0.031498 0.090939
325 0.781994 0.249008 0.029266 0.083995
178 0.819940 0.238757 0.039683 0.101852
178 0.856275 0.237434 0.039435 0.101852
1 0.682540 0.216601 0.034226 0.060185
1 0.685888 0.268353 0.034474 0.051257
137 0.649802 0.264220 0.033234 0.061508
65 0.494916 0.250496 0.036458 0.092262
65 0.532242 0.250331 0.037202 0.092593
111 0.573537 0.258267 0.033978 0.076720
111 0.609499 0.257440 0.035466 0.077712
160 0.163690 0.694444 0.044147 0.109127
160 0.202257 0.697917 0.046379 0.100860
304 0.244792 0.694444 0.043155 0.106481
304 0.283606 0.691303 0.047371 0.110119
304 0.325893 0.690807 0.044643 0.108466
100 0.374876 0.687335 0.051339 0.110780
100 0.424975 0.686508 0.051835 0.109127
100 0.475694 0.686177 0.050595 0.108466
160 0.188120 0.832176 0.040923 0.114749
171 0.226066 0.833995 0.039435 0.113095
171 0.260417 0.844742 0.044643 0.108135
100 0.309772 0.822255 0.039683 0.110119
100 0.355531 0.826224 0.037946 0.110119
100 0.389385 0.840443 0.039683 0.110119
100 0.428199 0.841931 0.039435 0.107804
100 0.465898 0.837302 0.039435 0.113095
355 0.586682 0.644511 0.042411 0.072751
355 0.588666 0.703373 0.040923 0.066799
298 0.630456 0.687500 0.042163 0.097222
298 0.673735 0.688327 0.045387 0.094246
298 0.718254 0.687335 0.046627 0.094246
169 0.771949 0.698578 0.053323 0.069775
169 0.819816 0.697586 0.057788 0.067791
