214 0.127442 0.172981 0.068384 0.126087
214 0.184503 0.176708 0.063499 0.126087
342 0.233570 0.177019 0.045293 0.120497
130 0.296181 0.134783 0.107460 0.198758
130 0.387877 0.139130 0.101687 0.196273
29 0.481794 0.129814 0.100355 0.214907
50 0.568828 0.132298 0.095027 0.212422
289 0.650311 0.153416 0.093694 0.170186
289 0.736234 0.153416 0.100355 0.167702
30 0.820160 0.145342 0.100355 0.186335
30 0.906083 0.146584 0.092806 0.182609
30 0.967584 0.150932 0.064831 0.181366
34 0.937611 0.360870 0.119449 0.175155
34 0.864787 0.360870 0.119449 0.175155
53 0.775533 0.381677 0.092806 0.139752
53 0.694050 0.381677 0.084369 0.136025
75 0.624778 0.389130 0.073712 0.126087
75 0.560835 0.389130 0.073712 0.126087
194 0.489343 0.388820 0.073712 0.129193
194 0.419183 0.388820 0.077265 0.130435
47 0.354352 0.395963 0.070160 0.121118
78 0.290631 0.397205 0.068828 0.121118
35 0.132105 0.945342 0.062611 0.109317
35 0.188055 0.940994 0.061723 0.113043
181 0.313055 0.765217 0.077265 0.141615
181 0.380107 0.758075 0.088810 0.147205
181 0.458259 0.752174 0.070160 0.147826
181 0.531972 0.753106 0.073712 0.143478
342 0.603464 0.747516 0.082593 0.152174
342 0.666075 0.752484 0.073712 0.143478
23 0.736234 0.750932 0.082593 0.127950
23 0.804396 0.747516 0.079485 0.127329
23 0.868117 0.742857 0.086146 0.131677
218 0.786634 0.909317 0.083037 0.141615
205 0.718472 0.905590 0.073712 0.150311
205 0.655861 0.912733 0.077265 0.159627
261 0.250444 0.827019 0.056838 0.091304
315 0.144316 0.827019 0.065719 0.088820
315 0.100577 0.829503 0.050178 0.083851
201 0.133215 0.725155 0.056838 0.086335
201 0.085258 0.725155 0.053286 0.083851
117 0.243783 0.592857 0.071048 0.102484
117 0.184503 0.596273 0.071492 0.101863
61 0.128552 0.600932 0.063499 0.102484
61 0.067052 0.603106 0.065719 0.099379
15 0.351021 0.886957 0.046625 0.083230
15 0.308393 0.886957 0.039520 0.083230
35 0.251554 0.941925 0.068828 0.109938
22 0.251554 0.714596 0.057282 0.095031
22 0.203375 0.717081 0.056838 0.091304
15 0.511767 0.585714 0.078597 0.126708
330 0.445826 0.592547 0.069272 0.120497
330 0.385435 0.590373 0.073712 0.126087
50 0.315053 0.585714 0.075933 0.136646
108 0.583259 0.588199 0.068828 0.122981
330 0.636989 0.588199 0.063499 0.120497
164 0.694050 0.579814 0.093250 0.131056
164 0.753108 0.576398 0.064831 0.125466
186 0.026421 0.299689 0.049290 0.049068
186 0.068384 0.299379 0.052398 0.045963
186 0.031306 0.352174 0.052842 0.047205
186 0.068384 0.352484 0.035524 0.045342
268 0.124112 0.353727 0.051954 0.046584
268 0.197824 0.311491 0.049290 0.056522
268 0.229796 0.311491 0.049290 0.056522
268 0.236679 0.356522 0.039964 0.040994
268 0.201155 0.357143 0.047069 0.044720
260 0.049956 0.473292 0.064387 0.091925
260 0.103464 0.472050 0.072824 0.094410
305 0.163410 0.466460 0.069272 0.108075
305 0.219361 0.466149 0.069272 0.108696
85 0.408082 0.932298 0.072824 0.135404
85 0.469139 0.933851 0.064387 0.132298
187 0.830373 0.575466 0.087922 0.127329
187 0.898091 0.574224 0.087478 0.123602
