50 0.725781 0.304574 0.098437 0.172557
50 0.647656 0.302495 0.089063 0.172557
330 0.546875 0.306653 0.103125 0.168399
330 0.478906 0.307692 0.101562 0.170478
53 0.372656 0.297297 0.120313 0.187110
53 0.260156 0.296258 0.123438 0.189189
53 0.146875 0.295218 0.131250 0.191268
34 0.175000 0.555094 0.131250 0.228690
34 0.286719 0.555094 0.120313 0.224532
34 0.389844 0.523909 0.101562 0.203742
187 0.497656 0.565489 0.114062 0.195426
148 0.657813 0.567568 0.084375 0.162162
223 0.731250 0.555094 0.084375 0.153846
223 0.816406 0.567568 0.098437 0.149688
181 0.935156 0.759875 0.107813 0.176715
181 0.854688 0.758836 0.093750 0.178794
181 0.775000 0.776507 0.106250 0.201663
97 0.683594 0.781705 0.110937 0.207900
97 0.585156 0.784823 0.107813 0.214137
23 0.482812 0.790021 0.103125 0.207900
23 0.385156 0.802495 0.110937 0.195426
342 0.286719 0.790021 0.107813 0.212058
342 0.178906 0.808732 0.129688 0.212058
47 0.809375 0.314969 0.081250 0.143451
47 0.880469 0.316008 0.079687 0.141372
305 0.950000 0.317048 0.084375 0.139293
164 0.908594 0.558212 0.092188 0.160083
164 0.967187 0.558212 0.059375 0.155925
194 0.852344 0.566528 0.020313 0.143451
