73 0.145374 0.066176 0.079350 0.098856
73 0.218597 0.068219 0.077512 0.096405
204 0.300705 0.067198 0.070772 0.095180
204 0.369945 0.068219 0.069547 0.093137
284 0.446078 0.068219 0.069240 0.092320
284 0.516391 0.068219 0.066483 0.091503
280 0.570159 0.064134 0.045956 0.105392
280 0.613051 0.066176 0.040441 0.107026
307 0.662837 0.068219 0.049939 0.099673
307 0.704963 0.068219 0.050245 0.099673
239 0.829963 0.062296 0.049632 0.109886
239 0.873775 0.063317 0.049632 0.116830
11 0.947151 0.059232 0.094669 0.118464
52 0.940257 0.203840 0.053309 0.075980
52 0.882659 0.202002 0.077206 0.076389
217 0.507659 0.207925 0.076593 0.088235
217 0.445159 0.208742 0.057598 0.089052
265 0.374847 0.209763 0.063419 0.092729
157 0.305607 0.209763 0.068321 0.092729
264 0.228248 0.213848 0.077206 0.092729
264 0.160999 0.213644 0.077512 0.093954
92 0.172641 0.534926 0.058517 0.108252
92 0.223499 0.539828 0.051777 0.091912
92 0.270374 0.534926 0.053615 0.094363
92 0.322151 0.530025 0.051777 0.088644
92 0.368107 0.524306 0.048713 0.082108
345 0.419730 0.524306 0.046569 0.082108
345 0.466605 0.520221 0.045956 0.089461
345 0.516391 0.516544 0.053615 0.087827
345 0.564338 0.511642 0.045956 0.080474
38 0.682445 0.518382 0.107537 0.062908
21 0.867953 0.504698 0.100490 0.053513
233 0.910999 0.586806 0.053615 0.071487
233 0.867034 0.586601 0.053309 0.068627
233 0.910999 0.649101 0.056679 0.068627
333 0.807445 0.319240 0.062194 0.096814
333 0.864737 0.317402 0.062806 0.094771
333 0.917892 0.315564 0.060662 0.095997
82 0.645221 0.680964 0.046569 0.066176
82 0.641238 0.613562 0.038603 0.071078
82 0.678615 0.610703 0.044118 0.079248
82 0.681373 0.676266 0.030637 0.065768
82 0.726409 0.604371 0.049632 0.070670
82 0.727022 0.670139 0.051471 0.068219
250 0.770833 0.603350 0.044730 0.069444
250 0.772365 0.666258 0.037377 0.064542
250 0.811734 0.600082 0.030944 0.062908
250 0.811581 0.656863 0.041054 0.074346
296 0.358303 0.635212 0.074449 0.077614
296 0.431066 0.629698 0.067402 0.076389
296 0.366268 0.693423 0.067708 0.055147
296 0.432292 0.691789 0.066789 0.057598
349 0.517157 0.693832 0.061275 0.054330
349 0.517310 0.631332 0.069547 0.079657
349 0.584406 0.628268 0.066483 0.072712
349 0.583333 0.688725 0.064338 0.064542
109 0.195619 0.657067 0.084252 0.092729
109 0.201287 0.733047 0.078431 0.065768
109 0.275123 0.648693 0.084559 0.088235
109 0.277880 0.722222 0.075980 0.069444
329 0.224724 0.869690 0.088542 0.147876
329 0.307751 0.882557 0.085478 0.100082
132 0.387714 0.809641 0.083640 0.093137
132 0.390931 0.875613 0.081495 0.061683
132 0.465533 0.867034 0.073223 0.063317
132 0.464767 0.800245 0.075980 0.093954
86 0.547641 0.789011 0.076900 0.087827
86 0.559436 0.856005 0.054534 0.060866
86 0.614124 0.850286 0.054841 0.060866
86 0.623468 0.784314 0.077819 0.082516
271 0.693321 0.774510 0.062500 0.083333
271 0.692862 0.838031 0.062194 0.054330
12 0.751225 0.832925 0.056373 0.064542
12 0.751532 0.767770 0.067402 0.085376
12 0.805760 0.764093 0.052696 0.082925
12 0.805913 0.828840 0.051164 0.059641
207 0.899203 0.809845 0.063113 0.082925
207 0.891850 0.740605 0.047794 0.066176
208 0.752145 0.940155 0.058824 0.069036
33 0.817862 0.946283 0.078738 0.081291
33 0.897672 0.939747 0.071691 0.118056
243 0.592678 0.960376 0.128983 0.076797
