137 0.731195 0.484004 0.029214 0.057792
137 0.711383 0.484520 0.027199 0.057792
137 0.690900 0.484520 0.027199 0.057792
137 0.669577 0.485552 0.028207 0.059856
46 0.765447 0.458462 0.050705 0.036636
46 0.765279 0.493550 0.047011 0.036636
89 0.841840 0.448142 0.036266 0.050052
89 0.841672 0.487358 0.031901 0.043860
89 0.868032 0.486326 0.031565 0.045924
32 0.697616 0.680083 0.034587 0.061920
32 0.669913 0.681631 0.034251 0.065015
282 0.706514 0.810630 0.043653 0.072239
282 0.741941 0.808824 0.048690 0.068627
229 0.832102 0.778122 0.054399 0.107327
229 0.800369 0.781734 0.045332 0.106295
229 0.773170 0.795924 0.039288 0.088235
259 0.749832 0.675955 0.028878 0.066047
259 0.772330 0.674665 0.032908 0.065531
259 0.797179 0.673633 0.030893 0.065531
298 0.826897 0.663571 0.048019 0.085655
298 0.855776 0.661249 0.039960 0.084107
309 0.784251 0.363777 0.043989 0.041280
87 0.783747 0.395253 0.042982 0.034056
355 0.824211 0.366099 0.046004 0.040764
355 0.823203 0.396285 0.041303 0.033024
174 0.868872 0.363519 0.045332 0.040764
174 0.866689 0.395253 0.046340 0.034056
189 0.737408 0.396285 0.048355 0.035088
297 0.686199 0.275542 0.046676 0.044376
297 0.685863 0.309856 0.046676 0.038700
184 0.722129 0.296440 0.027199 0.061404
184 0.743788 0.296956 0.026864 0.061404
45 0.767965 0.296440 0.029550 0.061404
28 0.790128 0.297472 0.025520 0.061404
355 0.811115 0.300052 0.029886 0.057276
355 0.834956 0.300568 0.027199 0.057276
87 0.865346 0.310888 0.040967 0.036636
87 0.893049 0.280702 0.050705 0.043344
87 0.899093 0.312693 0.036602 0.035088
355 0.740430 0.210526 0.034251 0.059856
355 0.765950 0.210784 0.029550 0.060372
122 0.793150 0.195304 0.047011 0.040764
122 0.796844 0.224974 0.043653 0.033024
122 0.836803 0.225748 0.048355 0.033540
173 0.877770 0.226522 0.050369 0.035088
173 0.877938 0.194272 0.050705 0.042828
196 0.417058 0.328689 0.026192 0.069143
332 0.443251 0.329463 0.025520 0.068627
210 0.471961 0.330237 0.025185 0.069143
192 0.503358 0.331269 0.034923 0.066047
222 0.537441 0.333075 0.031229 0.062436
142 0.568838 0.333591 0.031565 0.062436
142 0.598892 0.333849 0.031229 0.061920
324 0.630121 0.334365 0.031229 0.061920
100 0.257723 0.643189 0.024513 0.081011
100 0.282236 0.641383 0.028543 0.083591
100 0.309772 0.638803 0.029886 0.086687
100 0.332942 0.637771 0.018469 0.083591
100 0.377770 0.637513 0.022163 0.084107
100 0.400437 0.637255 0.027199 0.083591
100 0.422767 0.636481 0.022163 0.082043
100 0.258563 0.739938 0.018805 0.063983
100 0.281733 0.739938 0.031565 0.063983
100 0.312290 0.738648 0.030893 0.066563
100 0.335292 0.737100 0.017797 0.063467
100 0.378274 0.731940 0.020484 0.070691
100 0.402451 0.731940 0.028543 0.070691
100 0.424446 0.728328 0.017461 0.072755
171 0.614003 0.704334 0.027199 0.082559
171 0.588482 0.702012 0.025856 0.077915
171 0.567327 0.704592 0.021827 0.077915
171 0.556749 0.802374 0.017461 0.061920
171 0.578576 0.802116 0.026864 0.062436
171 0.604936 0.800310 0.025856 0.063983
171 0.624412 0.797730 0.015111 0.061920
100 0.260074 0.831011 0.020484 0.065531
100 0.283915 0.830753 0.031901 0.065015
100 0.312794 0.828947 0.031901 0.061404
100 0.335292 0.827399 0.016454 0.058308
100 0.426964 0.816047 0.017126 0.067595
100 0.404466 0.818111 0.028543 0.069659
100 0.380289 0.819659 0.019812 0.070691
160 0.470618 0.722136 0.015111 0.072755
160 0.489255 0.719556 0.022834 0.068627
160 0.512928 0.718782 0.024513 0.068111
182 0.663533 0.584623 0.024849 0.057792
182 0.687374 0.583333 0.024849 0.057276
65 0.716420 0.583849 0.026528 0.056244
65 0.741941 0.584107 0.026528 0.050568
56 0.769644 0.575335 0.030222 0.068111
56 0.796340 0.575851 0.028543 0.066047
56 0.821525 0.575593 0.028543 0.065531
56 0.845366 0.575077 0.031229 0.065531
178 0.411182 0.513158 0.024513 0.084107
178 0.438885 0.512900 0.024849 0.082559
178 0.465245 0.512126 0.023842 0.081011
325 0.495803 0.516512 0.022498 0.069143
146 0.516286 0.513932 0.019140 0.072239
325 0.541974 0.515480 0.020148 0.068111
325 0.561954 0.515222 0.020484 0.067595
306 0.586467 0.506966 0.042646 0.084107
306 0.622230 0.506450 0.033580 0.082043
347 0.130289 0.349845 0.031565 0.105263
347 0.159839 0.351135 0.030893 0.103715
141 0.191404 0.352683 0.034923 0.101651
141 0.221625 0.353715 0.038281 0.100619
340 0.262424 0.351651 0.046676 0.105779
340 0.306749 0.351393 0.043318 0.107327
63 0.349563 0.354747 0.036266 0.101651
63 0.382639 0.354489 0.031229 0.105263
355 0.414708 0.420021 0.027535 0.061920
355 0.441572 0.419763 0.028207 0.062436
111 0.467092 0.424923 0.020819 0.050052
111 0.491269 0.424407 0.021491 0.050052
1 0.517461 0.427761 0.028207 0.044376
1 0.542142 0.427503 0.023842 0.044892
19 0.487576 0.246388 0.038281 0.053148
19 0.488919 0.190660 0.041639 0.061404
71 0.528207 0.191692 0.038281 0.062436
71 0.525856 0.246904 0.037609 0.051084
281 0.563801 0.248452 0.036938 0.050052
281 0.566320 0.194788 0.038617 0.059340
281 0.601914 0.249226 0.041303 0.051600
314 0.640027 0.250000 0.036266 0.050052
40 0.133479 0.206656 0.032572 0.094427
40 0.163700 0.209494 0.032572 0.091847
40 0.198959 0.213622 0.025856 0.086687
144 0.228005 0.214138 0.033580 0.091847
144 0.257220 0.208720 0.030893 0.103715
49 0.289456 0.214138 0.036938 0.097007
49 0.322868 0.216202 0.035259 0.097007
49 0.355776 0.216460 0.035259 0.099587
40 0.396071 0.223426 0.045332 0.089783
40 0.442075 0.223168 0.048690 0.094427
304 0.135829 0.505418 0.047347 0.109907
304 0.181498 0.504644 0.043318 0.109391
304 0.227837 0.504386 0.046004 0.108875
304 0.270316 0.503096 0.040967 0.106295
304 0.311115 0.503096 0.043318 0.106295
118 0.363331 0.506966 0.040296 0.096491
272 0.111652 0.050310 0.043318 0.096491
272 0.146911 0.053664 0.031901 0.095975
219 0.178979 0.052890 0.039624 0.102683
219 0.213230 0.056244 0.036266 0.102167
151 0.246138 0.054954 0.037609 0.106811
151 0.281397 0.066563 0.040296 0.091847
252 0.321692 0.064757 0.039624 0.103715
252 0.357455 0.070691 0.037273 0.099071
103 0.392881 0.084881 0.028878 0.075851
225 0.422767 0.088235 0.028878 0.077399
198 0.463734 0.098039 0.053727 0.059856
64 0.515111 0.089267 0.044325 0.082559
319 0.254030 0.125129 0.033244 0.043860
25 0.555406 0.066305 0.034251 0.047988
25 0.562290 0.109907 0.042646 0.047472
339 0.598892 0.061920 0.052720 0.065015
339 0.604265 0.113777 0.041303 0.045924
200 0.648758 0.066305 0.050369 0.064499
200 0.647918 0.117131 0.046004 0.043344
344 0.693922 0.070949 0.044661 0.055212
344 0.693418 0.118163 0.046340 0.044376
334 0.868200 0.118679 0.024513 0.057792
334 0.890195 0.119969 0.027535 0.058308
352 0.913365 0.122291 0.021491 0.057792
352 0.935695 0.122807 0.024513 0.057792
177 0.955507 0.125387 0.024513 0.056760
177 0.972968 0.126419 0.020484 0.057792
160 0.470282 0.810630 0.021155 0.071207
160 0.494627 0.812693 0.023506 0.067079
160 0.516790 0.811662 0.015447 0.079463
160 0.515950 0.630031 0.021155 0.068111
100 0.202317 0.653509 0.030557 0.085139
100 0.170248 0.643963 0.035594 0.086687
100 0.205675 0.745872 0.029886 0.075851
100 0.209537 0.839783 0.033580 0.082043
338 0.901780 0.745614 0.080255 0.050568
338 0.902787 0.801342 0.084285 0.047472
338 0.972633 0.748968 0.054735 0.049020
338 0.974815 0.798246 0.050369 0.043344
329 0.972297 0.655315 0.047347 0.083591
62 0.893049 0.658411 0.040631 0.074303
349 0.886333 0.581011 0.037945 0.050568
349 0.920416 0.577657 0.030222 0.054180
152 0.958529 0.579205 0.032572 0.052116
152 0.988583 0.583849 0.022834 0.050052
355 0.983378 0.492518 0.032572 0.057276
296 0.945601 0.486068 0.026192 0.044376
271 0.916051 0.484778 0.035594 0.058308
52 0.924950 0.213880 0.040631 0.058308
52 0.964238 0.214138 0.034587 0.059856
52 0.991605 0.217750 0.016118 0.058824
